100
0 526.636 244.264 254.562 475.836 511.317 63.1269 168.76 577.521 320.975 434.752 393.265 349.185 461.395 359.134 391.699 322.469 731.962 357.929 660.112 237.844 204.362 589.869 569.43 655.831 526.579 567.825 338.634 383.094 601.492 91.3017 434.802 314.256 675.616 305.164 259.384 272.837 234.463 424.623 522.705 600.581 203.089 143.377 365.855 313.524 667.369 191.024 299.252 343.385 213.338 675.529 245.605 420.077 616.471 99.0202 364.516 133.094 340.147 311.13 560.975 497.981 418.629 544.1 641.496 228.983 376.145 301.219 419.119 221 215.761 312.847 608.401 368.44 388.361 269.091 632.678 383.209 280.532 500.025 595.008 334.834 144.917 467.611 138.398 491.798 539.07 367.619 350.064 240.217 109.604 348.639 611.236 456.8 569.299 594.697 274.186 276.886 487.155 577.832 476.681 
526.636 0 770.767 322.82 95.2103 992.921 554.617 519.139 780.224 842.668 954.351 673.565 832.914 304.795 669.73 213.122 468.129 566.777 536.954 520.312 310.466 730.351 1035.52 756.535 492.915 933.385 1052.54 517.1 145.169 984.846 516.117 188.605 761.246 817.273 689.703 785.84 745.604 759.718 170 784.451 187.267 460.165 383.648 718.056 691.271 1073.84 371.323 328.878 791.607 697.85 483.037 634.218 888.381 1057.76 500.12 169.296 624.376 218.826 517.746 673.573 675.352 919.133 894.723 1005.92 589.103 699.042 489.606 879.842 689.452 726.647 324.04 233.9 562.481 651.844 795.666 865.825 534.754 750.353 888.414 178.53 676.864 578.885 707.797 427.968 977.458 670.072 173.104 714.302 760.803 625.979 423.275 1077.85 844.28 201.375 87.4643 745.722 748.482 719.17 758.821 987.037 
244.264 770.767 0 482.134 716.847 345.615 224.379 319 636.73 92.1954 211.518 443.423 202.606 679.607 402.651 623.667 494.301 913.439 498.688 842.82 474.178 41.6773 456.53 639.175 845.282 445.702 390.451 488.133 626.779 527.394 280.516 667.468 262.652 748.162 331.119 26.2488 189.095 41.8808 660.547 559.43 834.432 392.237 387.164 371.845 323.707 562.004 423.68 515.559 255.351 162.086 870.201 292.289 293.288 484.022 297.379 607.109 177.598 580.607 447.103 670.142 591.055 238.472 510.067 576.59 329.46 401.968 463.953 303.486 206.596 116.043 528.473 842.048 482.996 468.578 25.0799 662.43 526.866 196.308 443.57 833.617 382.545 246.759 533.971 360.074 323.311 644.708 609.082 352.945 75.1332 158.619 537.111 451.426 394.179 799.871 837.312 210.431 211.123 552.533 649.003 269.258 
254.562 322.82 482.134 0 247.212 764.809 257.769 197.307 730.044 540.941 684.854 369.579 513.755 411.831 357.946 141.767 407.082 722.402 471.717 655.989 41.7612 440.457 837.043 714.137 640 761.158 821.872 447.756 185.324 829.991 293.002 185.594 555.871 806.779 520.324 501.91 426.307 481.627 181.199 698.316 352.477 318.611 136.356 400.979 370.099 904.788 218.083 57.0789 469.068 382.786 647.483 311.448 670.404 862.885 283.635 156.518 316.481 232.039 216.813 669.445 631.621 673.189 758.631 864.357 422.191 386.447 406.356 667.611 466.31 470.29 68.884 484.679 274.449 552.603 507.054 802.247 486.68 430.465 727.316 449.858 532.41 261.842 628.759 122.115 745.674 654.286 149.967 395.324 492.108 364.166 397.06 863.041 525.547 317.907 370.666 522.444 525.239 646.178 720.336 730.091 
475.836 95.2103 716.847 247.212 0 964.422 494.96 444.185 803.852 782.742 909.82 583.518 760.953 354.239 581.884 121.754 478.533 639.932 549.524 587.667 244.168 675.568 1017.62 781.902 562.446 923.05 1023.56 527.599 104.484 980.562 480.82 93.4933 737.838 852.517 676.302 734.098 673.513 710.226 76.844 797.895 147.139 446.351 333.444 632.179 608.593 1065.91 346.586 243.187 714.438 629.353 556.597 555.008 862.453 1041.25 466.181 113.225 560.095 219.545 428.591 707.783 698.559 883.544 895.134 1005.97 573.673 611.298 494.677 855.776 658.921 685.193 236.603 321.179 470.608 658.474 741.923 887.082 552.2 677.621 881.036 268.779 670.75 508.67 721.709 362.229 947.519 700.976 108.24 629.604 715.086 580.979 441.163 1054.69 758.869 139.904 123.471 716.124 718.94 735.078 785.327 947.749 
511.317 992.921 345.615 764.809 964.422 0 526.608 642.947 517.151 373.001 180.361 788.996 515.062 801.958 748.237 897.352 578.475 934.002 538.535 873.742 743.347 376.001 124.619 533.877 888.381 192.51 59.6825 543.768 862.324 253.286 484.096 939.055 234.342 622.476 324.607 319.42 529.922 318.848 925.328 431.87 1100.76 537.122 639.239 715.478 668.817 243.101 622.049 810.544 585.93 507.663 920.483 636.642 106.621 149.255 498.321 851.446 508.587 776.779 782.036 613.775 532.744 107.28 299.363 302.301 412.012 746.812 546.445 119.641 305.503 298.992 824.132 988.769 823.751 439.892 330.861 495.069 560.766 536.132 230.313 999.929 361.885 577.062 457.739 649.287 22.3607 589.414 858.721 696.764 293.232 402.604 633.133 105.948 719.011 1073.5 1072.75 248.316 245.506 467.967 543.162 118.533 
63.1269 554.617 224.379 257.769 494.96 526.608 0 122.577 636.079 288.392 429.057 334.763 296.15 516.236 299.282 399.296 385.374 792.729 420.837 720.936 251.072 182.705 615.04 628.956 715.819 562.516 580.595 401.696 409.5 640.008 153.652 443.103 349.09 735.924 354.359 244.346 215.604 225.61 436.555 578.221 610.066 265.887 175.026 303.389 250.727 700.127 244.035 293.205 283.425 157.563 734.66 183.48 443.103 642.234 162.111 387.594 76.4003 382.89 267.711 623.285 559.017 427.604 589.245 682.315 286.514 314.992 364.343 444.74 255.812 227.754 306.415 654.991 320.826 447.219 249.329 688.335 446.249 222.847 540.296 637.59 388.506 83.2586 525.967 135.695 505.917 601.123 388.12 287.34 240.01 130.361 410.29 629.725 393.935 575.59 616.774 303.442 305.93 545.605 637.54 478.023 
168.76 519.139 319 197.307 444.185 642.947 122.577 0 743.426 360.09 530.269 234.096 317.128 550.568 205.682 332.343 464.175 847.505 511.203 776.868 211.002 279.206 735.56 733.982 767.178 685.091 695.086 489.719 377.816 762.512 255.155 374.973 471.666 838.385 473.038 342.812 229.87 331.006 375.213 690.974 538.243 347.651 190.234 229.804 187 822.419 289.928 211.244 272.663 191.314 781.499 120.208 563.405 762.902 257.769 350.691 141.428 389.487 145.169 717.153 659.564 540.934 710.243 804.555 396.869 228.484 449.245 565.852 378.345 346.03 222.497 660.43 200.01 554.437 342.243 800.806 534.072 233.636 662.559 632.887 503.589 73.6003 634 107.042 621.721 696.738 346.052 218.836 351.283 252.723 477.423 747.3 344.804 499.349 567.508 425.725 428.18 653.391 742.053 584.911 
577.521 780.224 636.73 730.044 803.852 517.151 636.079 743.426 0 720.92 635.06 970.506 835.6 487.89 935.355 804.409 331.119 465.189 261.222 423.512 690.29 631.039 458.263 27.2029 448.54 335.596 558.488 285.035 707.173 322.591 488.346 831.411 383.021 112.805 306.602 623.104 794.074 595.151 807.322 86.3308 949.545 413.697 603.262 935.173 881.229 413.673 512.191 787.077 870.152 740.244 482.926 817.804 441.408 463.053 486.079 715.353 681.812 585.329 877.462 133.255 105.342 537.911 231.216 309.006 349.607 950.232 324.963 422.181 432.404 520.873 798.226 659.165 938.638 189.172 644.289 87.2009 252.976 802.656 288.952 696.419 258.008 719.117 110.136 672.883 520.312 121.828 730.081 917.772 563.796 536.355 362.763 528.564 1004.19 942.325 867.265 429.958 429.93 90.4765 31.6228 606.601 
320.975 842.668 92.1954 540.941 782.742 373.001 288.392 360.09 720.92 0 206.649 434.847 142.285 767.965 395.338 682.402 586.175 1005.54 590.777 934.855 538.577 121.198 493.315 724.793 937.064 503.438 407.333 580.326 697.665 583.908 368.132 726.125 340.649 833.092 417.732 98.7168 169.956 129.53 721.838 641.363 892.409 482.421 460.317 353.362 313.5 606.132 507.193 567.571 214.401 174.092 961.72 302.055 344.92 519.866 384.669 675.986 224.698 660.927 470.252 759.801 679.831 268.822 578.705 634.391 421.412 387.93 555.993 358.603 295.408 204.201 579.765 926.454 495.634 557.556 77.6209 741.416 618.954 174.049 508.812 915.428 469.988 286.751 620.52 420.962 351.013 734.221 676.365 335.574 157.953 247.524 628.334 475.147 346.036 855.562 904.964 291.158 291.343 638.69 734.701 273.788 
434.752 954.351 211.518 684.854 909.82 180.361 429.057 530.269 635.06 206.649 0 639.165 344.693 815.236 599.083 824.918 603 1000.42 582.864 934.101 672.102 251.143 304.972 646.211 943.204 349.425 204 580.595 813.978 422.303 440.546 868.407 269.967 746.567 370.734 187.491 374.301 203.494 859.154 549.19 1034.82 528.214 576.378 559.422 517.535 423.136 589.132 722.258 420.476 365.409 972.457 497.398 198.399 329.371 457.272 797.544 388.99 749.779 657.615 707.34 623.771 99.7647 445.48 473.003 424.005 593.365 570.003 217.154 287.767 228.372 735.445 992.837 690.627 511.004 189.402 632.349 609.275 379.195 371.938 993.516 421.086 458.268 552.96 563.206 160.705 681.558 801.607 541.385 194.743 329.15 654.306 274.658 548.019 1002.33 1026.81 245.66 243.822 567.694 656.111 68.1175 
393.265 673.565 443.423 369.579 583.518 788.996 334.763 234.096 970.506 434.847 639.165 0 317.416 769.25 40.7922 461.806 698.23 1073.48 744.695 1003.85 401.424 415.953 898.276 962.693 992.071 871.304 832.166 723.476 550.145 952.076 483.737 494.71 663.471 1068.68 685.676 469.588 265.113 473.305 506.764 912.716 629.537 581.613 417.162 88.3912 121.631 998.819 520.378 346.539 237.124 281.624 1003.89 160.153 730.201 925.897 488.485 520.22 302.729 596.202 156.17 950.332 890.543 681.772 913.337 998.05 621.134 50.9313 683.207 737.33 575.265 517.426 349.954 854.104 118.004 781.433 458.795 1022.81 767.919 260.801 857.425 817.507 722.527 252.48 860.459 331.489 766.672 929.474 509.907 102.616 503.346 449.755 710.07 894.714 195 585.308 697.782 612.066 614.04 880.062 971.093 704.162 
349.185 832.914 202.606 513.755 760.953 515.062 296.15 317.128 835.6 142.285 344.693 317.416 0 810.497 281.37 649.149 656.174 1074.55 674.223 1002.8 522.463 204.749 635.595 836.469 1000.87 641.92 547.691 659.94 689.142 723.022 421.827 691.376 465.237 945.952 529.004 221.923 87.4643 244.297 692.304 760.222 852.502 541.765 467.68 230.217 203.039 748.057 539.066 526.621 81.1234 139.086 1022.18 220.145 484.732 662.15 436.033 663.634 219.764 677.503 389.718 859.219 783.074 411.096 711.621 773.127 510.648 267.255 629.337 497.446 403.208 315.926 536.974 950.508 399.652 661.043 202.485 864.375 702.001 83.5464 643.758 931.006 578.788 254.096 730.475 406.005 493.146 834.397 660.535 214.805 277.737 317.233 690.655 616.467 204.039 812.141 884.378 412.8 413.575 749.487 846.161 412.685 
461.395 304.795 679.607 411.831 354.239 801.958 516.236 550.568 487.89 767.965 815.236 769.25 810.497 0 749.487 405.73 223.949 311.191 276.268 247.324 373.466 646.777 814.465 462.585 228.817 698 860.285 264.008 284.201 734.2 399.836 414.343 570.617 514.513 477.671 685.131 731.837 653.483 387.66 506.675 487.997 290.028 360.935 780.157 736.752 828.383 272.237 455.97 797.979 673.339 235.85 667.701 695.73 832.493 383.38 306.544 592.112 181.397 624.587 372.43 386.005 753.289 637.346 745.918 395.386 775.319 255.55 682.462 527.655 596.03 460.793 188.767 684.799 393.732 701.402 574.948 263.473 739.068 648.089 212.981 446.875 578.75 432.043 443.952 791.386 371.765 322.95 769.379 641.112 521.07 169.169 868.742 893.345 492.102 388.6 574.941 577.263 439.528 463.57 828.87 
359.134 669.73 402.651 357.946 581.884 748.237 299.282 205.682 935.355 395.338 599.083 40.7922 281.37 749.487 0 460.297 668.985 1050.95 713.332 980.763 386.871 375.203 857.506 928.126 970.013 831.135 791.548 692.539 541.498 912.009 450.139 495.55 623.873 1034.71 648.006 428.823 225.417 432.539 505.626 876.225 637.154 551.306 393.151 59.2368 81.8413 958.236 494.96 340.93 202.237 240.832 982.959 120.934 689.54 885.124 455.713 511.833 263.6 579.67 154.055 918.413 857.071 641.022 874.24 958.169 585.764 29.4279 652.763 696.764 536.256 477.177 345.861 842.134 131.898 746.488 418.126 986.268 737.111 221.416 817.749 807.711 685.773 216.301 825.235 307.631 725.916 897.143 502.558 68.6003 462.65 411.33 683.105 853.97 181.177 593.372 698.905 572.253 574.196 844.879 936.648 663.858 
391.699 213.122 623.667 141.767 121.754 897.352 399.296 332.343 804.409 682.402 824.918 461.806 649.149 405.73 460.297 0 473.305 710.766 543.468 651.423 154.383 581.997 962.572 785.174 629.821 878.422 955.322 519.905 122.577 942.635 416.389 43.8292 680.336 867.385 632.719 643.121 562.1 622.126 45.3982 785.433 210.775 411.924 258.374 511.15 489.2 1022.47 305.944 124.145 598.532 521.729 629.717 438.244 799.728 987.623 404.239 99.4585 457.771 234.197 306.858 724.305 701.026 809.119 864.318 973.138 530.812 489.719 481.727 795.39 594.445 606.898 116.108 420.024 349.503 640.815 648.625 883.028 552.254 565.602 840.707 373.484 636.517 400.766 711.601 263.61 878.948 713.358 82.9699 509.083 631.256 500.756 447.756 992.976 637.911 177.609 240.252 651.498 654.323 727.2 790.009 868.378 
322.469 468.129 494.301 407.082 478.533 578.475 385.374 464.175 331.119 586.175 603 698.23 656.174 223.949 668.985 473.305 0 420.177 71.1688 349.013 365.978 468.241 592.021 312.083 351.027 478.361 636.573 49.2443 378.652 521.349 236.631 500.625 348.891 399.981 253.931 494.362 589.008 461.806 476.87 319.401 625.514 119.553 292.549 684.05 633.328 613.372 191.133 463.39 662.65 529.2 376.662 563.876 472.522 610.903 224.742 385.032 452.747 259.048 580.155 263.03 228.064 534.344 428.225 539.134 179.011 689.708 33.0606 458.878 316.697 395.567 473.608 412.148 643.156 183.831 513.034 410.994 80.0062 597.2 429.848 429.511 223.786 464.152 243.183 373.251 568.423 247.212 399.462 669.38 443.299 342.615 54.7814 645.083 779.264 614.938 555.36 358.452 360.555 256.909 317.238 610.797 
731.962 566.777 913.439 722.402 639.932 934.002 792.729 847.505 465.189 1005.54 1000.42 1073.48 1074.55 311.191 1050.95 710.766 420.177 0 420.119 71.8679 683.316 888.332 904.598 439.26 82.4197 778.709 985.427 426.919 588.192 782.694 652.81 713.442 731.719 418.918 630.202 912.027 1003.84 879.477 687.092 530.396 752.628 532.86 657.907 1076.66 1029.94 876.375 558.388 767.162 1075.35 943.967 83.7437 959.919 837.157 914.41 639.052 613.153 864.912 492.574 932.919 336.155 407.333 918.255 685.654 773.668 588.26 1075.43 449.615 819.747 724.997 810.188 771.913 346.071 993.974 495.908 931.296 539.356 392.665 1011.78 727.343 403.402 581.87 864.824 481.399 743.318 930.31 355.951 629.232 1064.28 858.56 762.765 384.169 971.06 1183.08 767.721 634.339 756.471 758.016 475.602 433.568 994.771 
357.929 536.954 498.688 471.717 549.524 538.535 420.837 511.203 261.222 590.777 582.864 744.695 674.223 276.268 713.332 543.468 71.1688 420.119 0 352.03 431.227 477.649 540.098 243.296 360.34 421.967 594.987 24 449.82 459.027 267.419 571.416 318.006 336.048 217.389 494.992 613.453 462.64 547.814 248.652 696.435 164.56 350.682 723.628 671.452 552.603 253.789 528.501 688.815 554.46 389.868 603.239 434.737 557.237 259.06 456.041 482.25 329.989 634.676 206.155 160.012 506.001 363.629 473.77 169.664 732.309 65.6201 419.402 304.972 391.449 539.209 464.591 697.298 118.343 514.895 340.054 28.178 621.885 371.849 487.41 176.819 502.573 172.235 427.258 530.69 186.904 470.367 707.98 439.915 357.001 114.865 597.034 811.661 686.096 624.348 337.575 339.271 185.744 249.032 583.001 
660.112 520.312 842.82 655.989 587.667 873.742 720.936 776.868 423.512 934.855 934.101 1003.85 1002.8 247.324 980.763 651.423 349.013 71.8679 352.03 0 616.346 817.254 850.248 396.709 31.7805 724.652 926.426 357.577 529.068 734.058 581.023 656.811 666.478 393.056 564.883 841.838 931.976 809.272 630.242 481.615 707.464 461.069 587.616 1005.76 958.756 828.833 487.395 702.16 1003.49 872.102 62.2254 888.708 775.023 861.445 567.219 552.8 793.051 428.168 864.742 290.904 354.611 853.793 635.721 728.679 518.961 1005.01 378.868 758.006 656.303 740.592 707.447 312.698 926.175 434.074 860.954 502.834 325.037 939.907 672.902 367.524 517.813 793.3 426.755 673.167 869.113 307.584 569.087 993.228 788.885 691.466 312.328 915.311 1111.58 719.412 593.013 689.349 690.978 422.985 392.227 930.562 
237.844 310.466 474.178 41.7612 244.168 743.347 251.072 211.002 690.29 538.577 672.102 401.424 522.463 373.466 386.871 154.383 365.978 683.316 431.227 616.346 0 432.678 811.089 674.003 600.973 731.29 801.155 407.241 167.192 798.477 264.881 197.091 529.06 765.849 488.206 492.441 435.194 470.112 187.107 660.313 362.789 280.473 105.948 426.483 391.874 875.229 178.101 97.4166 483.389 387.738 609.309 329.521 646.592 836.527 253.994 141.174 316.304 195.576 251.873 628.074 591.217 654.743 724.846 831.616 388.491 414.706 366.034 642.82 441.512 452.625 108.005 455.871 311.387 514.496 499.247 763.403 445.71 440.041 695.94 424.382 497.743 268.419 589.958 118.457 724.793 613.125 138.917 419.363 477.897 346.55 355.327 839.738 549.043 331.748 366.727 498.321 501.139 607.146 680.074 714.412 
204.362 730.351 41.6773 440.457 675.568 376.001 182.705 279.206 631.039 121.198 251.143 415.953 204.749 646.777 375.203 581.997 468.241 888.332 477.649 817.254 432.678 0 482.37 631.723 818.478 461.824 423.501 465.537 586.113 543.493 246.941 625.799 267.255 741.219 324.452 63.6553 173.17 57.4891 618.945 556.605 792.764 361.963 346.706 349.001 298.605 583.991 387.012 474.068 245.326 135.237 842.492 260.849 314.841 510.004 263.471 566.127 138.224 542.498 410.232 656.33 579.121 269.818 518.811 591.646 310.266 376.968 438.895 323.056 198.668 114.39 487.016 806.089 448.58 456.846 66.6483 662.029 505.76 181.202 455.189 796.273 374.04 207.8 525.73 318.399 353.9 631.253 567.905 330.002 88.0227 126.921 508.815 481.932 383.919 758.199 796.262 213.846 215.058 544.738 641.412 306.557 
589.869 1035.52 456.53 837.043 1017.62 124.619 615.04 735.56 458.263 493.315 304.972 898.276 635.595 814.465 857.506 962.572 592.021 904.598 540.098 850.248 811.089 482.37 0 479.338 868.71 125.897 124.451 550.529 913.586 151.169 546.4 1002.5 282.237 553.442 346.439 430.861 644.37 424.973 986.295 379.012 1159.02 575.439 705.229 828.372 779.832 119.013 671.063 886.585 704.011 616.899 902.22 742.362 172.169 27.6586 558.342 906.362 607.961 816.765 878.313 572.072 497.267 224.502 227.271 193.67 446.466 858.209 562.516 170.845 370.904 390.243 900.151 1003.23 924.111 428.034 444.703 418.14 557.853 651.052 177.387 1021.29 368.262 674.212 423.657 727.836 144.81 550.012 915.444 809.475 395.592 485.835 646.297 71.3092 839.002 1135.33 1118.81 315.793 313.064 429.042 487.591 242.157 
569.43 756.535 639.175 714.137 781.902 533.877 628.956 733.982 27.2029 724.793 646.211 962.693 836.469 462.585 928.126 785.174 312.083 439.26 243.296 396.709 674.003 631.723 479.338 0 421.55 355.535 576.823 267.27 686.135 346.342 479.402 811.365 389.509 109.622 308.099 626.522 792.395 597.857 787.023 102.181 927.194 399.656 589.166 929.624 875.818 438.339 496.065 771.078 868.662 737.667 455.95 811.488 454.714 485.083 476.24 695.041 677.129 563.959 866.206 106.174 84.1724 550.091 253.071 334.48 343.21 943.708 308.015 435.547 433.545 523.138 782.006 632.678 927.781 182.082 647.734 113.455 232.957 800.992 307.612 670.406 257.69 712.166 106.254 660.624 536.12 94.7945 709.953 912.45 567.128 533.191 341.276 549.181 1001.57 920.729 843.425 434.681 434.829 87.0057 10 620.165 
655.831 492.915 845.282 640 562.446 888.381 715.819 767.178 448.54 937.064 943.204 992.071 1000.87 228.817 970.013 629.821 351.027 82.4197 360.34 31.7805 600.973 818.478 868.71 421.55 0 743.463 941.905 363.853 507.268 755.559 579.18 633.679 677.124 422.276 575.681 845.285 928.402 812.717 607.211 503.648 679.823 459.436 577.25 996.642 950.493 850.685 478.874 684.779 999.004 868.634 34.4384 880.568 788.336 880.651 564.837 531.791 788.923 410.212 850.807 315.412 375.362 864.925 656.805 751.729 524.661 994.753 382.001 771.664 662.677 745.325 689.586 281.996 911.751 448.529 864.046 529.226 334.175 936.216 691.593 337.337 530 786.415 446.078 662.456 883.048 330.711 547.951 984.549 793.409 692.087 310.601 932.888 1104.45 692.781 564.256 697.828 699.557 443.416 417.502 941.85 
526.579 933.385 445.702 761.158 923.05 192.51 562.516 685.091 335.596 503.438 349.425 871.304 641.92 698 831.135 878.422 478.361 778.709 421.967 724.652 731.29 461.824 125.897 355.535 743.463 0 225.162 434.41 818.566 81.7435 468.287 916.369 213.467 435.44 247.002 422.636 633.461 407.593 898.214 254.283 1067.3 476.823 625.826 809.988 758.319 144.062 578.001 813.814 700.972 595.914 777.098 711.633 159.411 137.568 477.678 814.219 570.699 714.944 830.177 446.448 371.381 251.557 108.268 131.217 349.803 836.117 450.637 144.838 307.05 354.006 827.165 886.526 881.352 306.844 440.501 304.238 437.824 641.069 51.923 907.492 257.288 631.611 297.935 660.594 202.089 424.209 824.631 791.012 374.477 432.65 531.686 194.023 839.574 1046.69 1018.4 260.969 258.745 303.145 364.095 301.281 
567.825 1052.54 390.451 821.872 1023.56 59.6825 580.595 695.086 558.488 407.333 204 832.166 547.691 860.285 791.548 955.322 636.573 985.427 594.987 926.426 801.155 423.501 124.451 576.823 941.905 225.162 0 600.968 921.642 271.831 543.007 997.217 293.847 660.444 382.649 364.232 570.022 367.208 983.794 474.673 1159.4 596.76 697.45 756.059 711.13 239.708 681.602 866.811 621.701 552.163 974.343 682.71 165.922 141.241 557.396 910.528 558.628 836.46 832.323 661.128 581.455 154.353 333.377 317.043 471.394 788.524 604.735 177.91 364.683 353.816 880.382 1047.43 872.081 493.539 373.504 529.068 616.597 575.733 269.537 1059.11 418.169 627.709 506.357 705.363 76.3806 637.32 917.652 737.576 343.949 458.628 691.297 72.5328 751.471 1131.76 1132.25 307.605 304.803 515.33 585.806 136.059 
338.634 517.1 488.133 447.756 527.599 543.768 401.696 489.719 285.035 580.326 580.595 723.476 659.94 264.008 692.539 519.905 49.2443 426.919 24 357.577 407.241 465.537 550.529 267.27 363.853 434.41 600.968 0 427.329 474.605 248.823 548.179 319.061 359.778 220.132 485.593 597.358 453.1 524.721 270.296 674.624 142.352 327.246 703.89 652.012 567.389 229.872 504.525 672.347 538.073 392.2 583.46 438.912 568.494 239.616 433.042 464.66 308.177 611.919 228.464 184.011 506.617 380.466 491.131 161.4 711.902 41.9762 424.238 298.931 383.27 515.218 452.766 674.627 135.37 505.154 363.325 44.6542 605.737 385.04 473.271 183.872 482.895 194.24 404.461 535.014 209.888 447.246 688.456 431.654 343.083 97.949 605.773 793.691 663.693 604.386 334.934 336.786 208.396 273.029 583.536 
383.094 145.169 626.779 185.324 104.484 862.324 409.5 377.816 707.173 697.665 813.978 550.145 689.142 284.201 541.498 122.577 378.652 588.192 449.82 529.068 167.192 586.113 913.586 686.135 507.268 818.566 921.642 427.329 0 876.276 379.97 131.643 634.402 761.726 571.836 642.477 602.021 617.066 105.233 697.316 250.266 341.88 239.742 586.052 555.253 961.443 242.547 204.941 650.415 553.306 507.245 495.182 759.643 937.083 364.804 30.0167 479.292 122.642 394.463 617.331 602.237 783.618 791.396 902.106 469.233 570.349 392.948 752.577 557.001 587.478 204.157 307.8 446.154 556.386 651.749 789.066 454.401 607.003 776.609 267.599 566.499 435.056 621.544 283.452 845.8 608.619 43.1393 580.629 619.649 484.879 344.935 951.456 710.862 236.394 212.941 614.04 616.844 635.557 690.096 849.395 
601.492 984.846 527.394 829.991 980.562 253.286 640.008 762.512 322.591 583.908 422.303 952.076 723.022 734.2 912.009 942.635 521.349 782.694 459.027 734.058 798.477 543.493 151.169 346.342 755.559 81.7435 271.831 474.605 876.276 0 538.399 979.311 291.359 409.06 310.368 504.223 715.204 489.336 960.084 252.606 1126.21 535.008 693.888 891.46 839.649 95.7079 638.875 883.734 782.624 677.43 789.785 792.228 239.069 147.258 546.54 873.937 650.837 767.98 907.681 446.571 380.276 326.957 99.3177 50.9902 411.825 917.341 496.439 225.584 384.2 435.093 896.939 921.063 959.844 340.771 521.94 271.671 470.833 722.812 102.694 946.28 309.821 710.759 312.648 733.368 267.227 427.215 885.16 872.492 456.207 510.819 572.524 221.542 921.165 1107.65 1070.99 340.648 338.534 312.712 353.504 368.896 
91.3017 516.117 280.516 293.002 480.82 484.096 153.652 255.155 488.346 368.132 440.546 483.737 421.827 399.836 450.139 416.389 236.631 652.81 267.419 581.023 264.881 246.941 546.4 479.402 579.18 468.287 543.007 248.823 379.97 538.399 0 456.917 264.237 584.945 231.389 288.111 352.466 257.63 441.969 436.986 616.871 119.954 158.937 456.966 404.377 611.808 148.762 345.624 426.043 292.617 601.122 336.823 384.012 571.71 17.1172 367.663 216.541 309.38 392.563 469.737 406.951 403.755 472.149 574.718 143.224 467.424 212.897 379.111 178.933 212.191 358.933 562.601 452.27 299.293 303.081 546.452 293.205 360.624 435.744 557.216 253.16 236.172 378.846 197.773 466.837 447.772 374.647 440.991 251.03 122.037 268.829 577.209 544.942 590.699 592.231 236.241 239.069 398.246 487.649 470.924 
434.802 188.605 667.468 185.594 93.4933 939.055 443.103 374.973 831.411 726.125 868.407 494.71 691.376 414.343 495.55 43.8292 500.625 713.442 571.416 656.811 197.091 625.799 1002.5 811.365 633.679 916.369 997.217 548.179 131.643 979.311 456.917 0 720.347 890.359 670.028 686.863 604.497 665.733 26.6833 815.892 166.964 446.323 299.817 547.851 528.034 1060.34 340.883 165.061 639.414 564.873 631.19 478.942 840.728 1027.33 444.293 116.726 501.467 252.097 341.533 746.415 727.214 851.67 899.352 1008.77 567.671 524.961 511.197 836.025 635.437 649.705 155.724 408.579 380.08 672.209 692.431 911.463 578.545 607.846 877.745 358.587 671.84 443.991 741.262 307.423 920.837 736.691 101.435 546.619 674.585 543.641 471.502 1033.98 674.585 134.715 203.376 692.604 695.432 756.313 815.809 911.457 
314.256 761.246 262.652 555.871 737.838 234.342 349.09 471.666 383.021 340.649 269.967 663.471 465.237 570.617 623.873 680.336 348.891 731.719 318.006 666.478 529.06 267.255 282.237 389.509 677.124 213.467 293.847 319.061 634.402 291.359 264.237 720.347 0 495.782 101.597 245.204 439.956 220.952 704.412 301.39 877.83 303.21 423.143 607.408 554.437 353.115 392.21 606.568 512.533 395.386 707.407 503.322 128.016 307.475 276.116 625.799 361.022 543.891 616.786 440.168 356.881 188.003 252.622 335.336 177.792 631.053 316.18 118.6 93.6803 153.075 620.073 756.101 668.501 241.282 265.979 400.94 343.176 448.135 194.01 765.928 151.119 419.547 289.38 450.139 221.721 414.247 634.363 588.615 187.555 219.495 402.952 317.158 651.169 853.426 842.559 53.4509 52.2015 305.93 399.506 265.002 
675.616 817.273 748.162 806.779 852.517 622.476 735.924 838.385 112.805 833.092 746.567 1068.68 945.952 514.513 1034.71 867.385 399.981 418.918 336.048 393.056 765.849 741.219 553.442 109.622 422.276 435.44 660.444 359.778 761.726 409.06 584.945 890.359 495.782 0 417.279 735.054 901.943 706.725 865.122 197.474 994.91 498.293 686.477 1037.56 983.87 493.001 589.414 863.264 978.228 847.048 455.198 918.93 551.496 554.798 580.793 773.644 785.721 639.153 967.846 144.734 179.12 648.787 327.686 385.032 451.276 1050.9 401.659 532.265 542.896 632.165 873.573 667.315 1029.95 290.512 756.257 138.033 320.141 910.541 392.326 711.354 367.229 819.182 215.873 761.081 627.12 154.081 789.2 1020.54 675.69 642.478 419.631 624.635 1110.89 992.359 902.522 542.362 542.388 196.604 100.125 716.091 
305.164 689.703 331.119 520.324 676.302 324.607 354.359 473.038 306.602 417.732 370.734 685.676 529.004 477.671 648.006 632.719 253.931 630.202 217.389 564.883 488.206 324.452 346.439 308.099 575.681 247.002 382.649 220.132 571.836 310.368 231.389 670.028 101.597 417.279 0 319.132 489.474 289.928 651.498 233.893 820.313 230.586 384.021 640.519 586.483 390.61 331.006 574.732 565.109 437.639 606.139 527.595 219.021 368.132 237.844 567.219 386.535 470.877 616.293 345.743 263.761 289.249 240.832 344.139 102.801 659.462 222.144 204.978 125.801 215.077 587.799 665.174 673.048 143.558 340.331 342.077 242 498.009 208.062 678.888 53 433.896 202.941 428.916 315.103 319.845 577.658 622.391 259.786 237.924 308.649 394.062 700.786 799.816 773.731 132.412 133.27 221.416 317.907 366.197 
259.384 785.84 26.2488 501.91 734.098 319.42 244.346 342.812 623.104 98.7168 187.491 469.588 221.923 685.131 428.823 643.121 494.362 912.027 494.992 841.838 492.441 63.6553 430.861 626.522 845.285 422.636 364.232 485.593 642.477 504.223 288.111 686.863 245.204 735.054 319.132 0 214.009 32.573 679.253 544.424 853.774 396.168 402.747 397.555 349.721 537.093 433.776 536.805 278.498 188.322 870.919 318.487 268.822 458.314 305.164 623.57 201.658 592.166 472.451 661.209 581.124 212.25 489.699 553.719 325.332 427.931 463.341 279.594 196.817 105.683 549.837 850.68 508.932 458.877 21.2132 645.998 523.13 221.02 422.167 843.921 371.303 271.118 522 379.803 297.108 635.601 626.08 378.683 59.397 166.364 538.855 425.208 416.944 819.813 853.83 194.201 194.612 540.259 636.41 243.822 
272.837 745.604 189.095 426.307 673.513 529.922 215.604 229.87 794.074 169.956 374.301 265.113 87.4643 731.837 225.417 562.1 589.008 1003.84 613.453 931.976 435.194 173.17 644.37 792.395 928.402 633.461 570.022 597.358 602.021 715.204 352.466 604.497 439.956 901.943 489.474 214.009 0 225.869 605.083 723.304 766.364 471.781 383.407 186.038 143.6 751.043 459.637 439.973 76.4003 59.9083 948.356 140.207 482.374 671.717 365.274 576.347 140.036 593.448 311.811 805.919 733.134 422.859 691.914 763.859 456.33 219.146 564.1 492.318 365.444 286.882 450.552 866.893 329.757 612.875 199.725 830.529 640.654 8.60233 628.24 845.989 536.106 167.012 686.187 319.19 507.572 781.826 573.132 167.61 259.106 260.969 619.788 634.78 211.929 726.4 796.947 386.505 387.827 705.634 801.819 439.906 
234.463 759.718 41.8808 481.627 710.226 318.848 225.61 331.006 595.151 129.53 203.494 473.305 244.297 653.483 432.539 622.126 461.806 879.477 462.64 809.272 470.112 57.4891 424.973 597.857 812.717 407.593 367.208 453.1 617.066 489.336 257.63 665.733 220.952 706.725 289.928 32.573 225.869 0 657.2 517.61 832.416 364.203 377.637 405.242 355.443 527.418 404.328 518.811 294.703 192.151 838.38 318.284 258.194 452.598 274.729 598.953 191.909 563.447 465.365 630.441 550.818 213.122 469.334 538.08 293.002 433.848 430.769 267.092 166.193 75.0733 532.024 820.181 505.154 428.422 52.3546 620.552 490.789 233.489 403.629 814.288 341.656 261.396 492.858 359.818 296.816 604.907 602.037 386.254 33.8378 136.624 506.433 424.736 433.711 799.342 829.073 168.585 169.307 511.321 607.705 254.154 
424.623 170 660.547 181.199 76.844 925.328 436.555 375.213 807.322 721.838 859.154 506.764 692.304 387.66 505.626 45.3982 476.87 687.092 547.814 630.242 187.107 618.945 986.295 787.023 607.211 898.214 983.794 524.721 105.233 960.084 441.969 26.6833 704.412 865.122 651.498 679.253 605.083 657.2 0 793.136 176.207 426.019 286.681 556.547 534.374 1042.06 321.218 169 642.87 563.448 604.95 482.756 825.978 1010.87 428.789 91.9837 497.579 226.374 352.081 721.027 702.908 839.61 879.005 988.77 548.892 535.051 488.256 820.781 620.841 638.401 161.375 384.849 393.783 649.97 685.584 887.847 554.366 608.777 858.848 335.936 651.832 442.412 718.204 301.359 907.438 711.588 77.4919 554.444 664.817 532.663 446.679 1019.15 683.307 149.037 195.064 678.116 680.944 733.025 791.346 900.712 
522.705 784.451 559.43 698.316 797.895 431.87 578.221 690.974 86.3308 641.363 549.19 912.716 760.222 506.675 876.225 785.433 319.401 530.396 248.652 481.615 660.313 556.605 379.012 102.181 503.648 254.283 474.673 270.296 697.316 252.606 436.986 815.892 301.39 197.474 233.893 544.424 723.304 517.61 793.136 0 944.909 379.858 566.344 872.053 817.971 347.22 483.827 755.262 798.805 671.43 537.975 756.905 355.089 386.167 437.324 701.941 617.787 578.447 829.47 194.648 129.769 451.749 155.364 249.13 294.16 889.341 304.923 335.86 358.469 444.365 767.157 687.547 889.209 145.825 565.506 110.114 249.9 731.829 205.65 719.228 190.686 660.261 76.6616 629.258 434.497 174.634 715.682 854.19 485.453 469.998 361.179 448.251 934.679 933.709 871.914 350.321 350.053 67.1789 111.324 520.271 
600.581 187.267 834.432 352.477 147.139 1100.76 610.066 538.243 949.545 892.409 1034.82 629.537 852.502 487.997 637.154 210.775 625.514 752.628 696.435 707.464 362.789 792.764 1159.02 927.194 679.823 1067.3 1159.4 674.624 250.266 1126.21 616.871 166.964 877.83 994.91 820.313 853.774 766.364 832.416 176.207 944.909 0 591.352 462.758 692.936 679.592 1210.6 489.449 327.002 796.428 729.195 668.977 636.27 1000.63 1183.16 603.212 253.16 667.713 366.467 485.057 850.33 844.204 1015.76 1041.66 1152.36 717.521 666.061 641.814 994.92 795.797 814.605 315.938 412.769 511.611 805.602 859.395 1033.29 698.588 769.22 1026.14 354.97 816.542 608.757 868.655 474.384 1083.08 844.636 243.577 694.182 840.687 708.831 587.218 1193.6 818.296 44.5533 124.776 853.11 855.937 881.863 930.353 1076.87 
203.089 460.165 392.237 318.611 446.351 537.122 265.887 347.651 413.697 482.421 528.214 581.613 541.765 290.028 551.306 411.924 119.553 532.86 164.56 461.069 280.473 361.963 575.439 399.656 459.436 476.823 596.76 142.352 341.88 535.008 119.954 446.323 303.21 498.293 230.586 396.168 471.781 364.203 426.019 379.858 591.352 0 189.594 564.915 513.942 619.563 106.042 375.634 544.604 411.876 481.881 444.627 431.171 597.961 106.508 338.941 334.247 241.63 470.32 370.648 319.681 474.056 453.054 562.766 128.973 571.374 101.597 421.372 243.13 306.163 387.394 464.656 532.846 234.062 413.145 483.811 186.489 479.851 434.815 467.757 225.878 344.703 310.363 263.046 523.259 351.353 350.373 550.073 351.091 235.053 148.923 618.324 659.816 572.839 543.472 295.298 297.881 328.075 406.602 547.403 
143.377 383.648 387.164 136.356 333.444 639.239 175.026 190.234 603.262 460.317 576.378 417.162 467.68 360.935 393.151 258.374 292.549 657.907 350.682 587.616 105.948 346.706 705.229 589.166 577.25 625.826 697.45 327.246 239.742 693.888 158.937 299.817 423.143 686.477 384.021 402.747 383.407 377.637 286.681 566.344 462.758 189.594 0 420.03 375.832 769.675 104.446 191.638 443.373 328.694 591.274 306.811 541.385 730.617 148.223 221.416 249.514 210.04 288.487 554.525 508.561 553.014 622.357 728.011 286.007 417.538 285.272 537.267 336.134 352.537 204.402 483.538 351.558 421.304 412.098 672.126 369.242 389.724 591.244 463.492 396.556 221.382 499 85.703 621.072 536.974 225.249 408.727 381.65 247.645 295.703 734.622 532.523 434.311 451.438 393.137 395.961 517.062 596.008 615.172 
365.855 718.056 371.845 400.979 632.179 715.478 303.389 229.804 935.173 353.362 559.422 88.3912 230.217 780.157 59.2368 511.15 684.05 1076.66 723.628 1005.76 426.483 349.001 828.372 929.624 996.642 809.988 756.059 703.89 586.052 891.46 456.966 547.851 607.408 1037.56 640.519 397.555 186.038 405.242 556.547 872.053 692.936 564.915 420.03 0 54.0833 932.657 518.374 389.525 149.402 214.114 1011.26 120.433 663.434 855.852 464.57 556.785 254.275 615.41 208.038 926.67 861.711 608.276 859.642 938.842 586.431 37.4833 665.406 672.036 523.562 456.934 395.577 882.239 191.003 747.541 384.708 981.623 748.535 180.499 800.078 850.207 681.437 221.054 825.175 336.214 693.118 904.488 548.513 19 437.01 402.613 702.499 820.58 126.775 649.425 750.856 554.693 556.421 844.873 938.46 625.563 
313.524 691.271 323.707 370.099 608.593 668.817 250.727 187 881.229 313.5 517.535 121.631 203.039 736.752 81.8413 489.2 633.328 1029.94 671.452 958.756 391.874 298.605 779.832 875.818 950.493 758.319 711.13 652.012 555.253 839.649 404.377 528.034 554.437 983.87 586.483 349.721 143.6 355.443 534.374 817.971 679.592 513.942 375.832 54.0833 0 882.593 471.645 365.548 127.318 163.371 966.025 70.0928 613.439 807.391 412.456 526.617 200.192 576.157 197.8 873.881 808.309 561.538 806.435 886.707 532.663 78.4092 613.946 621.503 469.911 404.712 373.109 845.854 197.77 693.741 338.12 927.541 696.628 139.589 747.476 816.202 627.357 169.293 771.259 294.015 646.467 851.529 519.574 36.7151 386.571 348.566 653.368 774.344 157.991 636.974 729.429 501.913 503.691 790.957 884.684 582.603 
667.369 1073.84 562.004 904.788 1065.91 243.101 700.127 822.419 413.673 606.132 423.136 998.819 748.057 828.383 958.236 1022.47 613.372 876.375 552.603 828.833 875.229 583.991 119.013 438.339 850.685 144.062 239.708 567.389 961.443 95.7079 611.808 1060.34 353.115 493.001 390.61 537.093 751.043 527.418 1042.06 347.22 1210.6 619.563 769.675 932.657 882.593 0 721.552 957.102 813.794 719.227 884.957 840.584 269.225 98.4733 621.477 957.635 702.157 855.98 967.029 540.268 475.582 338.303 195.018 108.074 493.356 960.938 587.391 261.503 446.589 483.175 970.495 1015.7 1016.22 434.66 552.566 355.023 565.293 758.111 185.456 1040.01 397.02 765.691 408.354 802.696 262.469 521.564 968.228 913.671 496.033 569.772 665.324 173.312 950.367 1190.43 1159.42 396.703 394.24 408.236 445 361.093 
191.024 371.323 423.68 218.083 346.586 622.049 244.035 289.928 512.191 507.193 589.132 520.378 539.066 272.237 494.96 305.944 191.133 558.388 253.789 487.395 178.101 387.012 671.063 496.065 478.874 578.001 681.602 229.872 242.547 638.875 148.762 340.883 392.21 589.414 331.006 433.776 459.637 404.328 321.218 483.827 489.449 106.042 104.446 518.374 471.645 721.552 0 275.016 526.024 401.329 495.098 401.696 518.256 694.661 131.898 236.292 320.062 160.655 392.663 454.146 413.586 548.372 558.596 667.884 228.213 518.391 188.322 510.612 318.134 360.856 286.044 419.268 455.713 338.115 447.294 585.73 269.78 466.84 537.789 410.156 330.968 308.566 412.42 189.251 606.288 437.824 246.678 505.89 399.502 267.711 191.262 709.366 625.895 469.004 450.8 374.449 377.216 429.365 502.255 617.645 
299.252 328.878 515.559 57.0789 243.187 810.544 293.205 211.244 787.077 567.571 722.258 346.539 526.621 455.97 340.93 124.145 463.39 767.162 528.501 702.16 97.4166 474.068 886.585 771.078 684.779 813.814 866.811 504.525 204.941 883.734 345.624 165.061 606.568 863.264 574.732 536.805 439.973 518.811 169 755.262 327.002 375.634 191.638 389.525 365.548 957.102 275.016 0 474.537 402.275 690.406 314.162 718.41 912.73 337.231 174.929 343.456 274.612 190.394 725.35 688.454 716.331 813.814 918.872 477.603 370.207 463.212 716.45 515.714 513.553 13.6015 512.039 241.305 609.583 540.12 859.312 543.125 443.137 781.041 472.451 588.185 282.179 685.825 161.524 790.914 710.518 163.683 386.514 531.932 408.183 451.758 910.271 516.048 288.48 364.034 571.106 573.873 703.255 777.232 770.351 
343.385 791.607 255.351 469.068 714.438 585.93 283.425 272.663 870.152 214.401 420.476 237.124 81.1234 797.979 202.237 598.532 662.65 1075.35 688.815 1003.49 483.389 245.326 704.011 868.662 999.004 700.972 621.701 672.347 650.415 782.624 426.043 639.414 512.533 978.228 565.109 278.498 76.4003 294.703 642.87 798.805 796.428 544.604 443.373 149.402 127.318 813.794 526.024 474.537 0 134.358 1018.08 160.515 546.877 731.003 438.208 623.35 210.545 652.467 321.846 882.148 809.525 480.126 763.468 831.925 532.635 186.639 638.429 558.057 440.556 359.703 483.735 925.914 325.055 689.264 261.612 905.619 715.866 67.8012 698.331 901.967 612.151 222.122 762.436 372.034 563.746 858.11 618.505 134.618 328.459 337.337 691.783 689.073 139.014 754.81 837.157 459.152 460.331 781.863 878.103 488 
213.338 697.85 162.086 382.786 629.353 507.663 157.563 191.314 740.244 174.092 365.409 281.624 139.086 673.339 240.832 521.729 529.2 943.967 554.46 872.102 387.738 135.237 616.899 737.667 868.634 595.914 552.163 538.073 553.306 677.43 292.617 564.873 395.386 847.048 437.639 188.322 59.9083 192.151 563.448 671.43 729.195 411.876 328.694 214.114 163.371 719.227 401.329 402.275 134.358 0 888.743 132.004 450.069 644.494 305.369 528.663 81.2711 538.436 296.522 748.376 676.628 400.556 648.006 725.01 399.239 241.748 504.48 458.214 315.687 243.528 413.729 811.427 325.424 557.197 179.011 779.593 581.532 68.0074 586.899 792.129 482.706 121.037 631.63 269.898 485.372 724.503 526.541 195.126 223.224 204.685 559.893 613.502 263.956 690.601 752.758 342.229 343.821 651.181 746.981 427.612 
675.529 483.037 870.201 647.483 556.597 920.483 734.66 781.499 482.926 961.72 972.457 1003.89 1022.18 235.85 982.959 629.717 376.662 83.7437 389.868 62.2254 609.309 842.492 902.22 455.95 34.4384 777.098 974.343 392.2 507.245 789.785 601.122 631.19 707.407 455.198 606.139 870.919 948.356 838.38 604.95 537.975 668.977 481.881 591.274 1011.26 966.025 884.957 495.098 690.406 1018.08 888.743 0 896.3 819.881 914.37 586.366 532.86 808.546 416.077 860.355 349.824 409.542 895.349 690.974 786.133 552.233 1008.2 408.271 803.376 690.476 771.951 694.58 264.189 920.648 480.82 889.41 563.413 364.232 956.06 725.207 321.002 561.201 803.495 479.942 675.907 914.84 365.141 548.777 999.63 819.846 715.791 333.714 966.107 1120.96 683.983 551.094 726.88 728.666 477.514 451.861 972.321 
