10
0 760.805 337.747 593.57 626.038 234.068 552.941 454.974 490.45 208.691 
760.805 0 645.777 177.792 657.198 923.143 284.621 814.283 867.84 735.674 
337.747 645.777 0 531.4 288.73 340.037 367.327 191.384 245.801 152.634 
593.57 177.792 531.4 0 616.874 772.425 226.108 715.275 770.351 595.232 
626.038 657.198 288.73 616.874 0 598.03 392.983 281.888 311.841 435.178 
234.068 923.143 340.037 772.425 598.03 0 672.074 345.649 356.753 197.717 
552.941 284.621 367.327 226.108 392.983 672.074 0 529.876 583.271 476.269 
454.974 814.283 191.384 715.275 281.888 345.649 529.876 0 55.1543 247.518 
490.45 867.84 245.801 770.351 311.841 356.753 583.271 55.1543 0 286.923 
208.691 735.674 152.634 595.232 435.178 197.717 476.269 247.518 286.923 0 

City 0 : x = 783 / y = 673
City 1 : x = 23 / y = 638
City 2 : x = 615 / y = 380
City 3 : x = 190 / y = 699
City 4 : x = 453 / y = 141
City 5 : x = 935 / y = 495
City 6 : x = 263 / y = 485
City 7 : x = 723 / y = 222
City 8 : x = 762 / y = 183
City 9 : x = 739 / y = 469
