10
0 407.83 229.401 516.117 620.423 770.778 585.348 351.279 540.826 208.665 
407.83 0 494.328 242.008 232.207 502.292 244.624 464.866 182.472 525.283 
229.401 494.328 0 489.931 650.692 944.38 582.475 165.324 559.292 60.8769 
516.117 242.008 489.931 0 194.093 709.764 99.4636 382.523 113.172 541.489 
620.423 232.207 650.692 194.093 0 568.747 102.65 566.014 92.3472 695.058 
770.778 502.292 944.38 709.764 568.747 0 656.513 955.622 605.013 955.569 
585.348 244.624 582.475 99.4636 102.65 656.513 0 481.424 63.0635 631.634 
351.279 464.866 165.324 382.523 566.014 955.622 481.424 0 474.236 225.801 
540.826 182.472 559.292 113.172 92.3472 605.013 63.0635 474.236 0 604.723 
208.665 525.283 60.8769 541.489 695.058 955.569 631.634 225.801 604.723 0 
520 756
431 358
305 836
189 360
275 186
827 49
206 262
169 742
267 278
350 877
