10
0 985.201 127.624 318.955 812.247 73.171 700.777 281.375 984.24 865.615 
985.201 0 983.246 927.516 604.63 924.598 291.606 736.139 58.258 380.301 
127.624 983.246 0 438.42 732.312 174.614 711.961 344.819 974.746 913.057 
318.955 927.516 438.42 0 960.303 264.594 640.216 240.133 945.472 692.568 
812.247 604.63 732.312 960.303 0 791.033 554.833 721.336 556.058 844.41 
73.171 924.598 174.614 264.594 791.033 0 637.386 209.48 926.251 793.738 
700.777 291.606 711.961 640.216 554.833 637.386 0 444.798 305.287 295.386 
281.375 736.139 344.819 240.133 721.336 209.48 444.798 0 744.664 584.317 
984.24 58.258 974.746 945.472 556.058 926.251 305.287 744.664 0 430.875 
865.615 380.301 913.057 692.568 844.41 793.738 295.386 584.317 430.875 0 
817 158
227 947
709 90
993 424
34 374
812 231
442 750
753 432
182 910
604 997
