190
0 651.11 278.086 407.774 520.735 328.525 956.327 423.657 182.025 871.675 221.219 219.146 213.965 616.733 839.102 52.6308 392.149 871.675 937.206 815.819 864.188 444.708 946.058 471.514 579.466 566.93 799.082 1036.66 668.007 825.034 516.218 414.343 217.697 867.874 943.188 413.272 689.221 498.959 363.456 763.705 462.534 558.596 703.626 885.215 587.266 830.533 241.646 788.236 332.448 304 620.001 399.081 947.909 443.497 67.2086 209.612 334.271 389.724 537.235 320.777 648.999 493.146 450.877 520.289 629.585 509.907 570.221 232.938 349.517 503.671 627.682 558.108 345.492 721.339 916.935 945.347 598.334 381.203 452.134 609.539 659.855 751.081 620.725 341.631 242.002 966.052 797 462.935 211.653 965.691 482.893 734.85 941.894 560.675 478.65 278.088 498.086 670.255 870.651 222.146 696.021 328.737 700.872 322.769 495.647 760.101 527.593 863.723 662.082 480.513 582.808 501.91 373.696 337.35 417.043 953.166 426.85 366.836 683.001 802.636 467.549 169.544 336.013 936.432 489.148 947.254 394.194 333.378 249.483 260.279 74.9533 556.203 447.353 425.564 610.328 918.221 655.659 1001.27 425.865 993.745 929.207 326.841 573.07 453.206 321.218 881.822 281.128 365.79 480.337 879.069 446.509 608.238 868.332 929.079 865.361 120.441 568.89 428.591 523.116 289.353 557.667 643.063 1022.43 504.081 454.476 793.908 382.005 408.011 978.302 701.396 973.017 614.186 450.729 670.741 579.393 731.883 612.001 256.205 782.081 672.441 952.977 435.828 950.202 305.197 184.177 605.142 897.271 242.924 370.168 802.88 
651.11 0 691.413 244 216.002 341.369 312.418 477.386 469.307 368.246 433.029 706.409 493.624 102.528 205.292 683.007 753.95 439.906 319.556 459.727 221.206 223.913 314.396 234.182 220.057 210.642 227.2 478.235 285.806 178.07 144.101 278.237 622.929 216.834 334.215 320.403 424.675 174.929 303.058 285.309 227.759 319.363 305.002 295.393 236.231 281.32 470.409 410.585 488.436 702.322 132.231 316.244 297.893 346.217 601.053 656.656 576.088 452.435 146.291 367.165 646.671 848.649 204.083 139.718 637.53 175.889 97.5295 558.616 379.012 390.84 393.361 95.8801 308.196 288.267 561.873 440.324 55.0273 622.54 648.504 169.499 336.293 263.898 466.84 580.345 446.937 322.237 151.832 454.182 568.599 371.602 737.071 475.429 335.716 350.852 200.085 374.712 160.431 462.569 615.003 462.637 260.847 731.904 543.692 387.489 388.209 513.951 138.196 514.351 146.67 174.152 175.285 196.637 283.29 463.768 695.788 403.575 665.466 478.678 385.032 572.102 355.879 619.94 417.427 286.937 624.751 535.703 471.832 445.18 583.166 477.038 667.918 616.644 218.525 274.046 346.185 402.057 270.431 495.662 458.978 410.144 422.096 363.369 917.238 368.266 576.39 249.435 403.194 304.844 171.172 230.586 388.404 69.2026 262.8 344.006 444.362 594.786 330.968 289.375 192.255 681.417 826.659 381.976 569.761 820.591 620.841 188.621 559.271 244.518 565.673 627.357 427.423 497.932 433.711 386.948 717.2 508.979 252.771 461.091 348.313 138.004 374.787 659.826 583.057 363.039 703.481 540.682 383.02 614.638 800.585 221.894 
278.086 691.413 0 486.806 496.178 360.801 955.555 272.531 315.824 997.07 367.764 70.8025 431.677 619.616 896.422 324.003 115.07 757.314 910.174 681.179 869.174 546.927 930.742 594.798 707.814 691.574 763.497 1145.61 811.52 867.459 548.129 413.226 83.3547 896.166 1020.76 376.524 550.906 592.044 396.676 693.098 578.413 469.026 617.066 845.277 533.705 934.409 231.7 668.64 212.269 580.996 713.667 376.598 979.359 618.813 322.349 485.334 589.428 605.466 627.041 328.661 419.49 221.822 531.784 594.862 400.91 517.835 640.703 484.982 528.275 386.005 810.428 597.449 447.76 643.567 763.705 852.045 636.955 144.139 203.148 583.419 820.888 871.579 459.93 141.152 262.383 1011.09 811.385 317.151 466.833 918.619 209.308 580.9 1021.29 736.495 491.498 363.176 575.404 514.488 687.405 417.465 826.741 606.59 515.695 304.631 381.033 594.584 553.218 717.025 757.63 554.802 693.513 499.77 477.323 556.202 147.665 1063.46 169.118 591.899 855.8 622.113 647.779 440.092 533.563 970.099 252.606 812.262 256.158 544.008 509.166 217.506 352.707 327.832 545.807 559.465 780.405 1041.38 795.724 901.022 286.044 1088.05 839.207 486.507 303.936 637.978 132.004 940.669 299.388 392.451 534.183 892.409 638.919 629.728 840.602 1020.65 747.589 381.819 472.271 573.315 635.385 18.3576 279.594 820.479 895.272 227.002 218.083 868.89 630.66 466.602 839.53 485.412 1085.97 439.568 320.014 546.996 319.681 564.241 547.753 463.315 687.53 763.236 1049.06 181.025 796.894 448.857 461.806 411.734 1020.01 79.3977 118.068 890.6 
407.774 244 486.806 0 189.528 128.425 553.596 345.776 226.718 510.424 189.066 487.283 258.861 229.085 433.655 439.01 570.453 564.309 546.161 543.401 461.411 65.307 548.967 121.758 226.612 209.48 421.336 660.385 333.114 417.379 122.102 130.015 409.224 460.392 546 183.984 450.871 105.262 99.2975 421.93 101.951 298.839 391.216 504.62 266.332 449.031 255.196 500.564 313.869 485.378 228.327 165.221 540.137 207.966 357.09 425.842 376.889 279.83 141.198 164.201 579.828 675.785 46.0652 114.791 564.883 142.13 164.56 333.161 178.6 316.31 367.049 154.379 64.9384 394.728 654.918 606.311 192.842 456.039 502.678 249.804 353.967 384.981 439.932 405.028 225.639 559.197 392.842 345.568 339.012 585.703 584.577 507.694 545.58 294.932 119.038 135.68 93.0484 464.149 662.375 224.84 342.533 516.995 533.27 194.7 309.131 544.832 136.418 600.171 272.426 73.7631 207.183 150.207 46.6154 267.599 529.74 577.644 507.832 295.169 396.89 602.433 234.337 384.246 216.511 528.663 497.323 656.459 326.314 246.108 361.566 270.845 424.446 518.168 61.9112 110.223 325.853 554.583 316.185 664.723 330.389 606.473 588.249 142.425 752.716 235.771 394.422 477.127 187.609 106.93 76.6551 473.77 250.06 209.354 480.708 539.529 563.044 353.409 314.331 133.634 151.03 480.692 678.85 369.64 714.19 657.122 480.87 393.876 376.808 35.0571 688.972 589.665 599.862 458.118 321.237 416.703 603.384 526.881 296.319 233.437 464.226 279.451 566.591 506.235 683.968 127.047 467.107 484.009 533.217 407.416 603.119 409.66 
520.735 216.002 496.178 189.528 0 193.541 460.547 262.488 347.638 575.587 333.282 522.888 426.807 126.052 416.252 563.398 546.26 379.273 424.058 353.91 373.08 231.482 439.52 282.446 349.125 332.663 280.786 694.097 447.576 379.989 108.462 106.607 437.563 402.492 548.504 121.017 266.101 227.713 163.233 247.782 263.638 122.066 204.355 366.674 77.8332 493.407 298 311.623 285.414 662.091 297.889 127.016 485.309 390.104 487.247 591.882 563.044 469.248 237.76 201.249 441.82 636.572 191.324 197.205 430.639 60 214.972 507.666 367.784 177.26 519.348 143.736 237.655 212.408 465.42 433.391 170.038 411.637 433.341 91 485.281 459.971 274.432 373.45 284.482 520.715 315.927 238.193 509.417 446.189 522.108 322.94 550.391 454.981 71.1126 255.812 194.435 287.091 476.898 390.203 438.6 694.395 363.001 208.002 173.738 361.138 100.225 410.643 333.39 183.308 310.577 41.4849 233.212 456.004 483.597 618.401 451.861 484.531 533.578 419.888 413.353 544.737 405.031 476.731 408.751 469.26 259.6 434.401 538.101 295.33 558.52 403.194 224.544 291.359 473.038 612.801 429.951 491.203 244.049 626.001 416.125 328.442 703.052 417.867 372.43 459.322 241.549 158.496 143.377 396.34 434.162 147.105 354.013 560.001 376.889 501.79 137 314.968 280.087 483.921 610.947 516.009 531.049 606.736 405.311 404.605 565.778 159.625 501.818 434.014 642.2 300.268 217.807 230.222 502.359 346.238 107.713 410.473 280.401 331.436 590.786 445.588 494.652 304.056 623.566 337.251 592.872 424.199 598.449 436.617 
328.525 341.369 360.801 128.425 193.541 0 633.967 233.619 154.434 637.967 147.801 367.208 250.348 291.007 542.973 370.05 442.052 561.749 609.578 520.586 542.628 192.276 620.206 245.963 354.607 337.605 470.558 784.808 460.819 519.432 198.177 87.0919 285.911 555.462 662.897 106.4 407.313 232.639 38.3275 440.157 227.264 257.422 387.857 556.694 264.757 573.62 131.126 485.004 187.843 486.647 352.953 85.7963 637.932 306.778 293.789 408.179 407.863 346.237 266.608 36.6742 481.424 547.461 171.863 234.137 464.728 183.025 280.744 333.906 242.192 238.606 484.595 245.491 110.644 401.294 629.427 624.777 286.4 329.188 379.381 281.149 478.853 512.676 370.028 277.411 105.622 663.544 477.782 244.495 331.361 637.182 458.852 461.276 663.063 410.466 152.003 69.527 214.618 406.282 612.805 214.009 470.956 519.2 463.249 68.7095 230.185 494.523 206.981 574.214 396.869 194.01 335.315 173.531 132.853 315.801 402.378 702.699 381.937 350.708 519.747 547.785 336.043 358.575 269.874 627.441 379.348 645.973 209.614 295.219 365.646 143.534 365.088 409.704 189.805 221.45 446.575 681.687 444.072 682.034 221.02 727.927 607.883 193.494 624.746 332.537 266.222 587.177 62.6099 38.0132 175.308 560.515 341.844 288.226 540.342 660.594 557.441 311.321 271.089 241.373 279.401 353.771 553.218 489.699 714.37 529.48 359.562 510.471 423.591 105.802 678.213 503.391 725.276 379.859 221.183 379.526 487.016 471.45 291.979 245.736 466.319 402.457 688.67 381.142 661.145 155.332 434.332 395.464 660.367 281.668 476.06 530.434 
956.327 312.418 955.555 553.596 460.547 633.967 0 703.082 774.506 440.931 742.122 983.327 806.04 343.588 211.021 991.2 995.707 395.373 94.6414 469.864 92.2659 536.067 52.6308 540.17 490.494 488.669 207.511 433.01 502.382 178.751 440.114 556.051 898.021 121.754 276.848 581.516 520.755 485.453 596.524 312.8 536.78 504.496 389.344 157.842 426.185 359.58 754.392 432.001 743.533 1011.03 402.087 585.601 111.647 643.466 909.775 968.688 880.755 752.475 452.86 652.553 787.681 1075.2 515.885 451.976 785.78 451.602 406.872 870.132 688.538 592.71 630.24 399.625 618.443 357.795 525.89 318.251 360.817 858.287 864.018 372.136 557.346 419.839 605.083 826.973 736.24 164 160.953 666.723 880.651 159.201 951.008 546.855 283.27 614.264 482.2 678.239 472.848 572.784 630.175 774.851 459.628 1039.76 644.92 665.406 594.304 575.348 429 502.733 382.205 486.138 453.971 464.634 594.848 770.135 925.286 403.609 889.873 781.016 596.353 618.93 646.716 932.357 726.059 118.457 826.473 463.492 708.604 752.728 893.848 754.594 977.923 792.96 530.83 583.248 590.391 443.19 494.726 346.975 685.589 356.507 307.688 675.498 1131.94 661.43 828.613 206.197 691.874 595.971 477.938 85 681.555 348.092 135.059 325.523 407.413 906.371 507.666 596.142 491.908 942.569 1029.68 611.991 447.581 1039.43 834.065 275.545 858.518 548.715 480.983 741.053 421.048 640.691 653.391 494.095 896.001 587.215 419.144 773.243 364.018 366.947 348.855 881.15 529.684 675.214 1015.9 690.254 436.162 884.672 1053.41 310.203 
423.657 477.386 272.531 345.776 262.488 233.619 703.082 0 320.924 826.293 347.587 322.602 450.315 387.413 678.724 475.896 292.882 486.033 648.618 413.657 622.084 410.468 672.947 467.457 565.958 548.493 502.594 953.944 672.03 641.601 348.402 223.618 246.619 660.379 810.862 168.716 282.719 436.73 248.928 423.717 447.487 201.792 345.978 580.904 277.088 749.193 196.224 397.529 91.2195 670.854 539.498 183.175 742.082 539.927 425.406 579.745 619.918 576.189 462.18 200.003 252.834 375.665 379.19 422.339 234.968 304.795 456.829 530.212 474.052 114.983 712.378 394.867 343.89 373.6 504.496 579.524 428.057 155.322 171.126 337.018 698.153 705.091 200.482 132.004 215.615 780.464 571.778 45.1221 521.024 651.187 259.725 319.766 812.656 639.365 288.647 287.367 409.225 253.142 447.629 418.543 673.506 702.3 277.218 169.189 111.198 340.472 347.369 454.321 580.025 390.438 537.157 282.526 363.329 540.814 223.397 876.402 189.995 577.14 742.216 379.666 568.965 527.274 498.528 734.392 153.418 546.136 30.5287 521.463 561.545 170.294 488.144 176.139 406.054 450.699 671.629 866.201 654.506 628.856 18.4391 887.433 566.692 425.058 440.593 565.98 141.152 721.69 208.677 240.377 356.366 648.649 575.462 409.121 580.383 820.976 476.765 468.415 202.704 472.086 489.642 256.125 349.794 715.405 627.481 344.426 143.934 665.406 643.852 313.081 574.91 288.007 900.045 190.686 50 275.394 257.769 311.193 285.24 459.465 415.12 581.042 851.474 183.218 538.034 385.292 585.452 184.44 845.61 222.946 354.035 695.352 
182.025 469.307 315.824 226.718 347.638 154.434 774.506 320.924 0 710.836 53.1507 292.205 132.966 436.285 659.808 218.332 422.303 714.045 757.407 668.138 682.323 268.961 765.09 303.638 416.159 401.822 621.631 870.9 513.256 644.04 334.485 241.473 232.562 686.128 768.12 252.842 548.76 322.237 185.723 594.589 291.584 404.851 541.166 707.561 419.068 661.539 128.655 635.079 239.385 351.746 445.576 234.932 766.507 305.485 139.778 264.56 304.056 292.25 360.514 157.61 571.431 532.59 270.852 340.485 552.827 330.654 390.493 209.659 213.009 368.246 497.468 376.085 166.481 555.454 774.816 779.133 416.347 349.693 416.005 433.706 514.869 587.082 496.807 297.108 105.309 785.857 615.007 349.085 200.125 788.495 476.732 599.908 767.22 424.57 299.488 96.5194 318.347 539.949 746.525 107.564 535.569 383.72 586.046 172.003 359.673 630.194 346.134 720.028 488.75 300.083 412.798 324.6 196.061 245.569 411.176 787.299 404.349 282.408 545.95 679.548 333.804 212.702 218.234 755.145 435.239 796.031 290.799 231.041 240.759 156.895 210.953 486.285 270.703 260.987 470.673 756.863 499.009 836.289 315.753 823.17 762.283 174.155 614.584 323.13 278.46 702.986 124.523 189.433 298.377 697.046 323.279 426.469 689.067 757.312 709.186 159.79 417.307 269.713 352.427 316.809 566.777 508.949 866.49 527.482 406.11 617.224 335.024 226 828.001 608.621 808.223 499.064 330.315 524.452 540.338 604.603 445.953 153.584 619.804 498.014 782.631 408.54 807.233 140.72 283.143 503.12 735.577 243.46 432.348 629.096 
871.675 368.246 997.07 510.424 575.587 637.967 440.931 826.293 710.836 0 660.101 993.612 665.162 470.766 242.837 884.923 1079.12 762 518.001 804.398 406.941 450.728 483.87 407.711 294.679 309.246 525.004 171.143 206.184 292.226 478.163 606.736 918.417 334.215 183.208 659.003 789.178 405.395 604.597 620.716 421.646 686.586 661.508 545.976 604.439 93.1343 765.37 756.138 816.669 787.772 288.212 648.121 335.596 435.446 807.744 787.025 649.58 524.429 371.981 672.462 1013.91 1182.16 466.104 408.179 1004.12 523.851 369.607 691.567 524.619 752.846 297.379 433.562 552.8 639.022 894.322 722.95 406.1 958.074 995.206 537.573 231.953 125.495 835.084 909.794 735.082 296.897 381.222 810.069 710.292 588.32 1081.69 837.082 176.799 334.072 537.663 637.636 425.184 829.523 967.051 650.171 175.824 807.741 910.785 700.872 749.176 874.664 480.505 854.11 246.4 445.621 303.595 546.642 522.41 567.049 1032.48 94.5304 1006.57 556.246 238.648 931.159 417.743 772.12 546.46 325.583 978.52 850.894 814.825 560.161 701.662 781.158 858.175 978.634 451.46 450.016 285.687 46.6154 216.707 766.042 808.418 160.963 707.494 545.184 1256.57 434.42 901.255 235.136 698.033 610.352 473.482 382.001 448.296 435.178 506.732 132.382 770.079 775.758 698.688 443.825 362.493 991.117 1174.44 275.262 859.987 1159.94 969.677 200.302 607.524 533.16 876.126 995.552 107.466 866.001 787.718 752.049 1076.56 872.668 620.543 622.476 686.895 245.459 129.769 1002.96 909.02 571.463 847.189 908.05 26.4764 917.674 1113.54 157.537 
221.219 433.029 367.764 189.066 333.282 147.801 742.122 347.587 53.1507 660.101 0 345.353 105.19 409.646 617.981 250.008 472.573 708.001 730.513 668.381 649.869 223.618 735.688 254.049 365.531 351.648 598.941 821.536 461.213 604.907 304.573 230.638 284.412 649.151 722.685 253.464 554.16 277.78 170.581 580.931 243.261 405.178 533.344 684.191 408.281 613.082 166.244 632.463 273.057 339.426 399.516 233.384 728.271 252.42 168.027 260.686 272.406 244.591 316.078 163.083 600.282 582.87 230.556 299.608 582.162 307.826 349.414 188.367 160.524 379.803 444.42 342.498 125.144 544.852 777.165 766.664 381.694 393.154 457.193 414.676 461.936 536.954 510.727 339.732 137.131 745.209 581.592 370.682 184.133 765.435 522.061 607.375 721.541 371.436 277.431 78.8733 277.417 550.364 757.38 71.1688 484.53 371.949 602.316 185.607 371.214 639.641 317.37 721.973 442.088 260.432 364.386 305.221 152.594 200.721 457.451 737.906 448.189 237.842 492.804 691.434 280.856 211.936 168.585 716.609 472.343 793.335 318.479 184.296 220.273 194.064 235.915 518.525 226.153 210.117 417.538 706.283 447.219 824.479 339.978 775.464 749.347 121.017 664.627 270.44 322.064 660.624 140.218 176.465 264.186 662.773 271.19 395.577 663.339 710.089 704.102 169.729 418.724 217.624 304.171 368.067 613.385 455.811 860.61 576.17 445.028 572.87 297.567 195.144 825.639 632.396 758.538 516.537 349.933 527.091 579.008 615.508 436.588 112.752 611.336 452.01 734.804 451.486 808.931 88.7525 290.353 525.343 685.053 293.969 484.737 582.818 
219.146 706.409 70.8025 487.283 522.888 367.208 983.327 322.602 292.205 993.612 345.353 0 394.452 642.499 909.696 261.199 176.148 808.398 943.638 735.706 894.866 543.341 961.691 586.941 700.643 685.134 797.534 1147.45 801.568 884.129 562.31 431.13 85.3288 916.544 1029.96 401.872 604.822 591.899 404.951 734.221 572.106 510.662 660.746 881.114 568.34 936.172 236.373 720.012 249.201 523.061 715.605 398.252 999.664 597.566 271.061 428.672 543.266 572.477 628.473 339.265 488.329 274.029 533.206 599.481 469.547 537.152 647.297 438.882 504.231 432.047 789.462 610.947 440.822 685.657 822.35 899.511 651.427 210.602 272.947 612.569 806.202 868.408 517.228 196.848 262.652 1028.33 834.258 367.723 419.411 956.641 278.62 638.299 1030.03 716.762 508.811 356.006 578.879 571.508 750.842 385.541 820.401 547.179 578.323 320.408 426.184 654.313 569.088 774.163 759.701 558.528 690.746 521.061 471.203 521.544 218.289 1064.47 239.604 555.901 838.098 684.726 625.636 386.381 504.533 989.798 321.168 867.791 301.841 511.519 460.601 230.269 292.139 395.915 543.154 548.031 762.775 1038.82 786.538 950.236 333.808 1093.4 885.892 466.315 354.031 614.414 182.789 953.952 304.608 402.195 542.506 916.335 613.209 648.275 873.628 1026.27 799.288 330.855 515.633 559.376 631.209 87.8635 343.447 801.145 949.767 286.944 286.163 877.474 587.235 471.529 895.927 552.8 1086.42 499.365 366.939 597.791 390.478 624.1 585.192 429.907 733.824 766.599 1053.7 251.311 855.737 431.419 400.202 474.782 1017.42 102.122 152.398 896.153 
213.965 493.624 431.677 258.861 426.807 250.348 806.04 450.315 132.966 665.162 105.19 394.452 0 487.804 661.037 220.084 543.297 805.096 804.175 769.462 714.572 270.681 805.14 280.578 378.846 368.506 679.883 833.005 459.574 655.478 380.789 328.897 350.743 704.332 752.532 356.709 657.652 323.489 268.069 672.298 277.007 507.244 629.944 763.462 503.661 631.805 261.396 732.069 371.646 236.89 433.721 336.109 779.542 231.709 147.003 167.26 171.143 179.494 359.614 268.076 702.325 652.739 291.096 354.291 683.937 393.451 401.254 83.6002 140.73 484.856 413.717 411.145 195.888 639.2 879.056 858.151 447.045 481.037 548.296 502.32 447.654 548.11 615.877 429.075 235.987 790.01 645.28 475.079 82.6196 844.562 606.149 711.4 750.495 347.246 364.852 180.854 333.204 655.104 862.056 36.7967 490.854 269.431 707.504 290.697 476.274 744.114 394.868 823.772 472.547 320.39 390.09 394.671 213.785 127.624 539.809 750.093 535.27 161.45 469.294 796.313 254.403 126.372 122.319 767.263 568.205 892.449 420.69 120.416 115.434 289.676 193.217 618.47 275.536 233.362 397.217 711.77 448.457 916.369 443.59 795.523 840.459 133.034 735.017 239.643 410 701.482 244.806 275.065 335.09 723.702 232.545 467.406 739.365 733.011 801.888 111.126 521.177 229.837 333.726 435.725 694.392 429.2 957.387 651.715 538.967 608.74 203.354 275.659 924.892 736.492 768.87 621.663 454.687 629.643 673.169 720.278 532.768 42.9418 707.014 484.737 754.771 540.023 910.464 132.189 209.881 629.77 691.185 366.149 543.549 611.511 
616.733 102.528 619.616 229.085 126.052 291.007 343.588 387.413 436.285 470.766 409.646 642.499 487.804 0 292.18 654.53 672.269 365.005 321.279 371.102 253.18 237.539 329.492 269.713 294.09 280.817 192.302 576.261 375.9 254.238 107.019 212.735 557.458 277 425.737 243.101 324.353 205.232 254.126 211.152 256.363 217.975 212.25 275.77 133.825 383.329 411.17 322.596 410.329 712.769 218.515 244.364 360.05 386.846 574.492 654.899 597.218 484.381 193.662 308.989 544.83 762.3 203.907 165 536.079 108.116 150.546 561.786 395.406 293.319 471.429 88.8651 292.289 201.122 477.85 386.819 79.6241 537.643 557.607 67.1863 422.428 364.793 364.335 499.296 392.654 394.681 191.971 360.168 568.071 356.976 646.469 376.586 428.011 418.771 139.004 339.849 176.867 360.68 520.389 453.282 356.316 743.97 441.662 322.819 291.496 415.435 93.0484 427.398 242.998 179.513 249.57 121.598 275.036 484.769 609.381 503.723 577.225 506.333 471.782 474.178 403.15 612.638 434.802 351.177 530.36 461.088 385.561 464.234 589.571 412.617 644.455 517.828 230.601 297.76 423.627 504.2 359.34 444.775 369.005 505.618 368.42 367.865 827.887 412.412 497.788 334.619 348.294 253.002 154.052 273.836 431.521 41.4367 253.693 440.822 367.208 578.441 229.059 318.248 243.824 607.968 734.022 463.062 506.142 731.837 529.094 287.057 588.992 214.842 492.53 524.832 527.57 395.596 341.235 286.4 619.451 408.828 150.615 462.027 267.346 236.603 472.001 570.629 501.872 356.131 695.02 438.827 485.337 545.853 723.751 322.758 
839.102 205.292 896.422 433.655 416.252 542.973 211.021 678.724 659.808 242.837 617.981 909.696 661.037 292.18 0 865.911 958.8 524.765 277.8 575.196 164.222 395.568 246.941 381.159 304.529 307.391 288.924 294.333 296.22 51.4781 348.382 483.41 826.872 93.5201 134.629 525.328 579.645 341.123 504.929 392.227 384.105 505.365 445.261 303.21 418.937 153.688 673.339 528.493 693.568 842.718 228.709 521.529 129.711 467.051 783.901 813.763 706.815 575.295 303.295 570.636 826.567 1052.21 388.959 319.324 819.78 380.875 269.32 713.527 529.438 584.85 424.401 299.202 493.836 418.785 658.418 480.394 259.471 826.458 849.396 350.892 350.143 209.029 641.284 785.178 648.469 129.035 145.134 652.345 727.332 347.731 938.224 621.717 137.637 417.251 405.346 568.86 341.463 625.473 739.991 634.807 252.071 869.136 705.739 592.112 583.364 657.304 343.35 621.593 195.563 359.939 277.2 401.06 465.414 601.54 899.217 234.61 868.014 605.924 386.897 710.881 464.281 784.309 563.422 116.73 822.499 611.013 675.018 586.899 733.18 681.23 846.816 807.53 392.329 428.042 387.547 257 290.689 523.238 660.286 218.68 465.182 528.095 1119.3 480.368 781.543 44.2832 605.392 507.501 368.49 140.943 499.721 270.633 264.07 159.765 533.739 768.891 514.437 434.968 328.343 886.599 1026.18 405.123 617.337 1022.97 821.073 66.6108 677.951 441.454 635.255 796.679 257.093 675.077 633.222 544.753 910.018 659.816 426.868 623.136 457.451 181.218 190.709 861.838 671.021 538.327 866.833 721.435 244.591 819.295 1005.88 99.2975 
52.6308 683.007 324.003 439.01 563.398 370.05 991.2 475.896 218.332 884.923 250.008 261.199 220.084 654.53 865.911 0 436.57 919.55 975.714 865.384 898.938 470.346 982.988 491.92 596.108 584.657 839.634 1052.09 679.571 854.464 551.849 456.791 268.153 899.142 965.452 459.343 739.53 524.795 403.398 808.31 484.809 606.647 750.147 925.644 631.906 848.736 291.508 836.876 384.676 265.062 643.106 444.185 978.036 451.686 82.1523 175 314.25 386.374 562.755 365.453 701.434 534.413 480.337 548.993 682.018 548.942 598.547 219.367 360.311 554.049 629.623 591.761 375.085 766.942 967.349 991.093 631.349 432.456 503.195 650.996 667.201 766.712 672.376 393.794 289.415 993.844 831.012 514.806 197.436 1006.47 531.04 785.812 963.83 565.785 517.749 314.682 526.855 721.523 922.577 236.299 710.136 287.211 753.109 369.846 545.938 811.529 563.876 913.889 684.113 510.283 603.196 542.365 401.718 334.803 465.816 968.928 477.08 360.584 686.894 854.567 473.599 144.586 341.422 966.294 541.04 996.412 446.31 334.211 229.713 311.27 35.7771 608.543 473.646 445.054 616.093 931.539 668.234 1047.43 477.8 1012.42 974.715 344.246 613.003 458.312 373.439 907.965 326.559 406.492 513.515 912.493 449.444 643.619 907.397 948.802 913.529 112.071 617.351 445.394 544.5 336.4 603.209 646.272 1070.8 547.989 506.235 818.068 364.321 442.634 1027.64 754.025 988.067 666.311 502.164 720.27 630.03 783.47 657.362 262.992 828.765 695.233 971.62 486.366 1000.54 327.989 139.129 657.672 910.864 293.861 409.06 824.564 
392.149 753.95 115.07 570.453 546.26 442.052 995.707 292.882 422.303 1079.12 472.573 176.148 543.297 672.269 958.8 436.57 0 754.066 941.077 670.585 913.611 633.53 965.813 684.83 795.91 779.108 795.327 1220.79 901.459 925.432 614.469 478.829 192.575 948.472 1087.53 433.549 545.111 674.38 474.532 712.834 667.192 494.065 633.259 872.68 569.528 1010.96 321.727 666.331 266.017 695.647 792.062 438.813 1030.98 719.887 437.413 600.163 703.496 714.178 707.142 406.857 362.079 110.309 613.505 671.9 345.615 578.066 714.689 599.204 632.096 406.041 910.065 663.617 539.392 662.399 740.124 855.834 701.103 137.568 155.563 627.147 915.167 954.139 448.028 173.623 354.201 1066.95 860.912 331.879 581.352 941.049 115.365 564.64 1088.65 835.569 555.202 457.121 654.074 501.323 649.215 526.849 912.974 720.878 484.407 378.303 403.268 570.919 617.224 698.596 835.381 633.569 777.273 557.754 567.609 666.012 81.7435 1140.06 119.34 702.204 952.517 588.151 749.296 555.152 640.464 1022.71 208.492 796.827 288.056 652.773 623.828 301.204 466.374 280.08 631.497 653.209 877.486 1122.19 885.037 900.222 310.161 1159.28 844.905 588.124 192.317 740.592 178.751 1002.63 384.679 468.812 608.096 939.364 743.016 688.448 873.121 1091.97 743.003 496.847 493.697 669.039 721.294 107.87 167.356 918.747 881.547 112.04 182.332 937.674 743.872 546.004 821.358 434.53 1163.12 420.867 342.812 549.19 239.008 540.948 578.081 573.055 696.581 839.434 1121.39 131.746 772.249 549.008 575.154 382.97 1100.97 178.844 73.6817 962.967 
871.675 439.906 757.314 564.309 379.273 561.749 395.373 486.033 714.045 762 708.001 808.398 805.096 365.005 524.765 919.55 754.066 0 302.557 92.1954 371.711 592.439 343.956 631.981 655.543 643.544 237.008 806.897 724.997 473.371 453.63 477.411 729.79 445.61 641.496 461.85 209.002 568.191 537.901 155.242 616.828 313.081 175.171 239.37 301.705 669.019 631.142 88.6848 563.873 1041.1 571.757 479.125 493.649 748.295 850.032 968.465 940.877 839.52 558.664 557.201 452.832 803.841 554.228 528.57 457.902 422.384 514.417 886.63 742.34 378.292 831.828 452.482 616.656 169.921 134.164 110.073 442.037 624.981 600.853 318.642 776.171 686.604 306.367 616.173 630.151 547.708 381.222 440.954 887.681 256.33 674.763 198.217 646.803 782.943 446.279 629.215 537.573 254.545 236.305 768.35 696.467 1073.46 298.104 549.768 385.047 210.202 439.073 108.167 584.062 535.696 610.398 415.12 609.895 831.791 673.328 757.852 635.284 857.98 824.784 237.255 766.494 919.84 780.714 494.659 551.094 96.2549 506.983 810.358 917.238 616.51 920.715 492.919 585.235 654.268 784.23 781.184 710.044 146.342 474.654 728.253 106.508 705.97 840.977 774.726 627.025 548.318 594.254 531.614 501.614 403.347 793.229 404.317 271.84 680.098 13.6015 872.824 303.191 676.45 608.826 740.251 732.481 821.402 152.634 760.845 572.385 562.108 940.318 537.431 127.534 389.102 779.38 336.043 441.932 210.642 584.911 233.266 272.356 789.744 100.265 573.127 709.222 623.462 147.122 683.212 996.017 380.592 767.441 707.636 824.103 605.14 
937.206 319.556 910.174 546.161 424.058 609.578 94.6414 648.618 757.407 518.001 730.513 943.638 804.175 321.279 277.8 975.714 941.077 302.557 0 380.406 118.152 539.801 42.0595 553.73 522.587 517.72 146.697 524.505 551.773 234.412 426.142 526.547 858.522 184.459 364.549 543.774 442.404 493.725 573.808 237.186 546.964 447.018 317.241 72.4224 376.48 431.297 722.034 345.358 698.205 1020.44 430.972 551.073 202.485 664.351 895.771 970.062 895.59 771.573 465.752 623.424 710.406 1014.64 513.726 456.426 709.947 427.3 417.08 873.911 697.402 535.111 677.047 393.081 610.712 285.829 431.867 223.779 358.776 803.617 802.948 333.074 607.211 479.902 531.699 776.672 707.342 256.322 176.479 609.401 882.295 70.342 888.163 463.35 370.714 651.614 458.556 661.048 475.329 495.025 538.335 770.873 511.856 1050.45 563.494 632.051 537.82 489.565 413.146 410.44 420.043 485.268 481.798 436.25 590.428 783.133 867.5 489.768 831.034 798.164 649.857 530.374 671.692 930.145 736.185 207.01 762.23 368.86 657.572 764.289 899.77 718.853 965.676 723.028 533.772 593.007 634.079 525.199 541.724 255 631.922 447.055 213.047 677.986 1067.31 685.093 780.37 284.074 663.591 571.848 469.527 136.858 705.335 336.875 70.1142 410.814 314.925 898.6 447.786 608.883 510.186 896.081 962.877 660.547 354.683 976.923 772.865 335.943 878.419 535.392 386.463 659.728 508.498 567.101 598.619 419.148 824.924 503.587 363.804 774.93 280.446 405.247 436.175 821.512 435.137 672.001 1013.2 616.718 516.143 842.947 1002.2 375.341 
815.819 459.727 681.179 543.401 353.91 520.586 469.864 413.657 668.138 804.398 668.381 735.706 769.462 371.102 575.196 865.384 670.585 92.1954 380.406 0 433.24 580.527 420.355 625.859 665.05 651.393 288.134 864.834 744.473 523.927 443.928 441.073 660.001 504.115 699.277 415.987 130.943 564.334 501.758 183.848 608.895 263.591 159.703 312.029 277.492 711.4 574.178 49.163 496.771 1006.34 587.743 435.29 560.857 739.246 800.016 928.569 915.123 822.899 560.994 510.612 360.889 715.835 540.826 526.568 366.369 405.428 521.061 852.465 721.665 313.498 842.374 452.84 589.227 171.549 111.517 202.267 450.694 544.912 516.035 313.409 792.748 718.084 223.188 540.649 577.195 613.922 430.081 368.722 851.367 341.656 587.133 108.046 704.115 787.414 424.529 589.769 531.93 169.296 165.13 732.728 720.507 1038.89 206.189 498.627 321.137 118.072 430.308 57.2713 606.387 526.553 620.659 393.6 586.924 809.568 589.245 809.805 551.328 838.433 842.017 150.233 760.172 878.372 758.695 560.289 465.108 132.774 437.269 787.942 883.801 556.748 869.571 404.105 573.362 641.942 794.582 827.8 728.457 234.955 404.282 786.555 197.96 681.47 750.756 766.562 553.075 603.564 545.023 494.491 489.254 465.769 783.97 412.393 339.118 733.924 78.924 827.923 250.833 665.093 610.063 663.669 642.137 834.161 214.161 672.269 488.296 604.424 919.529 513.174 162.791 296.951 832.215 250.002 373.251 145.114 494.054 141.354 247.697 758.612 117.886 597.182 764.099 539.182 141.354 654.524 951.274 292.25 812.481 636.601 741.755 646.908 
864.188 221.206 869.174 461.411 373.08 542.628 92.2659 622.084 682.323 406.941 649.869 894.866 714.572 253.18 164.222 898.938 913.611 371.711 118.152 433.24 0 445.112 98.0051 451.625 409.816 406.323 148.189 435.198 434.052 117.546 348.013 465.914 809.654 75.0267 269.948 493.617 463.212 395.297 505.015 258.853 447.261 427.286 327.674 140.175 345.353 317.586 664.35 390.036 657.761 922.052 319.232 496.663 131.21 557.826 817.509 877.857 793.29 666.352 363.793 562.027 725.603 996.494 424.05 360.922 721.984 360.817 316.866 779.682 599.021 514.525 559.933 307.371 526.282 297.204 505.807 317.63 268.701 776.659 786.4 286.904 489.495 362.097 540.259 743.153 645.49 181.97 69.3758 587.725 789.801 186.043 874.301 496.485 275.378 537.13 391.155 586.103 381.526 513.585 597.85 683.1 393.803 951.164 589.835 575.84 515.374 528.57 337.073 474.14 304.611 394.392 370.844 374.681 502.897 681.924 845.26 389.252 810.647 694.214 531.806 577.378 562.859 840.931 636.94 128.472 751.373 452.86 625.681 664.058 803.887 665.427 885.687 722.929 439.724 493.742 517.61 418.638 424.364 359.117 604.239 356.553 303.106 584.573 1055.99 577.013 743.81 179.025 601.09 504.668 385.684 32.6497 597.235 256.002 102.078 310.522 381.997 814.343 432.12 507.506 404.784 856.671 955.766 543.089 454.137 962.178 756.677 218.82 772.873 456.483 475.38 684.828 409.89 575.67 572.906 432.834 826.474 536.395 342.001 682.297 318.864 289.588 338.711 802.482 515.341 583.463 924.453 624.667 407.593 797.08 969.39 259.255 
444.708 223.913 546.927 65.307 231.482 192.276 536.067 410.468 268.961 450.728 223.618 543.341 270.681 237.539 395.568 470.346 633.53 592.439 539.801 580.527 445.112 0 537.596 57.2713 162.432 145.578 426.597 605.047 268.544 386.047 138.809 191.366 467.723 433.848 499.377 246.522 497.403 54.4518 164.575 443.644 37.108 348.695 423.775 505.958 303.898 394.342 315.398 535.475 378.847 480.838 176.618 228.712 510.119 159.013 388.363 432.745 360.38 247.891 92.5743 228.537 641.284 739.605 40.1622 84.2021 626.79 175.454 130.648 334.887 159 375.261 303.661 150.904 103.769 422.806 691.647 623.798 181.177 520.889 567.979 273.805 288.669 325.314 494.96 469.554 284.608 523.687 375.737 408.725 344.688 585.796 649.705 554.294 498.375 232.86 161.298 187.489 64.4748 515.214 708.378 241.35 280.046 511.172 587.307 259.494 368.49 592.301 153.405 637.749 219.939 58.0517 147.411 190.055 73.3485 247.621 594.416 521.739 572.917 268.883 331.833 650.792 181.893 396.699 198.338 498.036 562.385 686.787 391.449 227.438 360.068 332.848 451.638 581.877 7.2111 61.8547 261.467 495.634 251.813 681.938 394.816 554.766 605.449 139.463 817.02 186.625 458.484 437.704 249.227 172.235 91.4166 453.234 203.531 208.019 478.085 488.599 592.551 375.085 364.188 84.5991 88.459 541.646 744.005 305.354 739.03 721.665 546.155 349.252 351.592 97.5295 719.042 648 543.401 515.248 384.416 461.703 668.195 576.32 333.242 237.2 492.31 229.055 514.373 571.431 719.278 143.087 480.227 543.575 474.233 467.591 664.004 360.136 
946.058 314.396 930.742 548.967 439.52 620.206 52.6308 672.947 765.09 483.87 735.688 961.691 805.14 329.492 246.941 982.988 965.813 343.956 42.0595 420.355 98.0051 537.596 0 547.22 507.821 504.263 171.094 484.103 529.598 207.408 431.335 539.237 876.398 153.681 325.676 560.265 477.326 489.311 583.579 270.204 541.923 472.273 348.92 109.124 397.834 399.239 736.501 383.986 718.48 1016.69 417.171 566.125 162.003 654.939 902.286 969.822 889.278 763.178 459.156 636.227 745.107 1042.07 514.044 453.524 744.003 437.193 411.389 872.475 693.387 560.654 656.293 394.707 613.862 317.309 473.77 265.635 358.108 828.245 830.452 349.178 584.975 452.925 564.469 799.303 720.225 215.393 164.596 634.963 881.821 108.116 916.533 500.664 331.958 634.938 468.309 668.57 473.402 529.748 579.381 772.72 488.336 1046.16 599.953 646.784 562.858 527.933 419.115 451.648 402.305 484.883 468.722 448.055 592.035 777.459 893.588 451.701 857.562 790.678 626.132 570 660.495 931.451 731.694 167.362 791.121 410.912 680.36 759.217 897.419 734.837 971.494 754.443 531.897 588.313 614.593 488.959 520.554 295.286 655.861 407.044 255.08 676.757 1096.59 674.505 802.079 248.888 676.107 582.248 472.446 108.005 694.741 340.156 93.9415 373.021 356.187 902.34 474.157 602.917 501.423 917.131 993.061 638.997 395.552 1005.2 800.398 308.138 869.84 540.801 428.361 696.208 469.886 600.011 623.001 452.451 856.93 540.993 387.737 774.262 317.511 387.221 397.555 848.39 477.193 673.296 1014.82 649.658 480.763 861.803 1025.45 345.809 
471.514 234.182 594.798 121.758 282.446 245.963 540.17 467.457 303.638 407.711 254.049 586.941 280.578 269.713 381.159 491.92 684.83 631.981 553.73 625.859 451.625 57.2713 547.22 0 113.701 98.4733 451.452 567.516 216.933 379.104 182 248.574 514.149 430.832 473.625 303.784 548.389 64.5368 220.465 480.104 20.2237 401.92 467.36 526.636 351.65 359.324 364.445 579.68 433.531 470.868 153.16 285.96 502.487 117.154 411.167 433.631 342.126 219.021 88.1022 282.554 698.316 791.884 94.0053 104.89 683.914 224.178 136.693 333.618 149.643 431.784 246.435 180.854 147.078 463.643 736.31 655.735 201.973 575.15 623.699 314.606 233.019 283.487 549.932 523.252 332.773 510.192 382.897 465.996 346.575 604.626 704.589 605.126 471.934 176.182 213.974 232 94.5145 568.392 758.509 256.628 233.482 499.649 641.718 314.059 425.132 643.488 195.563 683.125 192.512 99.93 111.4 241.033 117.593 230.313 648.267 483.888 627.709 244.561 275.204 702.318 134.718 403.15 186.124 489.939 619.068 727.333 448.036 212.565 355.225 383.63 469.861 639.135 62.514 47.2652 204.267 453.516 200.943 713.325 451.92 522.269 637.301 148.492 870.049 142.874 511.453 421.076 300.203 228.405 139.216 455.69 161.818 234.828 495.908 457.621 633.003 389.965 417.336 55.9732 53.1507 590.474 798.944 248.131 775.611 775.181 602.313 328.197 325.652 154.738 759.287 704.102 504.647 571.014 441.688 512.041 725.119 628.561 380.276 242.008 532.504 204.299 481.518 626.569 762.953 166.571 485.751 600.142 432.186 515.784 712.487 332.665 
579.466 220.057 707.814 226.612 349.125 354.607 490.494 565.958 416.159 294.679 365.531 700.643 378.846 294.09 304.529 596.108 795.91 655.543 522.587 665.05 409.816 162.432 507.821 113.701 0 17.4642 446.839 457.22 106.677 315.835 240.674 342.621 627.539 372.086 376.703 398.132 606.388 129.449 325.424 500.308 129.402 471.088 505.72 510.155 405.771 252.97 476.844 616.66 540.338 539.812 91.9239 382.786 432.921 163.991 516.978 518.247 402.823 271.061 111.364 390.708 784.539 902.02 187.417 152.191 771.509 289.358 144.156 418.632 239.084 515.757 177.341 215.342 260.461 495.101 771.829 660.379 214.758 682.581 727.698 353.657 136.33 171.759 623.52 631.634 445.513 430.674 346.113 559.142 434.753 581.96 810.677 661.636 374.126 131.21 290.064 345.485 159.364 634.007 810.634 359.869 119.808 565.46 711.591 421.304 510.075 700.66 250.098 721.468 109.932 176.46 45.1885 310.459 230.556 300.54 756.345 373.7 734.064 302.05 184.459 759.959 159.765 494.775 267.825 419.952 719.108 751.769 549.181 288 435.018 495.035 571.581 732.708 164.839 155.416 129.542 340.771 89.5879 715.564 549.392 416.707 642.153 252.733 979.27 175.855 620.825 339.094 411.41 332.543 213.928 405.982 195.205 253.061 474.659 354.391 658.876 489.923 485.808 150.987 76.4788 703.105 904.836 169.85 789.241 883.734 704.85 243.016 373.504 255.265 782.461 782.417 393.707 648.464 535.178 568.628 823.236 689.743 431.15 337.343 560.137 125.004 375.941 732.14 795.327 277.016 574.764 682.544 319.526 628.65 825.303 237.002 
566.93 210.642 691.574 209.48 332.663 337.605 488.669 548.493 401.822 309.246 351.648 685.134 368.506 280.817 307.391 584.657 779.108 643.544 517.72 651.393 406.323 145.578 504.263 98.4733 17.4642 0 437.824 470.188 124.036 315.869 224.27 325.161 611.531 371.517 384.981 380.678 590.953 112.009 308.172 488.382 113.278 454.688 491.886 503.016 390.314 264.093 460.418 603.16 523.106 535.494 87.0919 365.322 434.762 159.662 505.028 511 399.461 268.129 95.021 373.636 767.392 885.057 170 135.532 754.303 272.809 130.361 411.06 229.713 498.616 191.23 200.412 244.591 481.938 758.665 650.68 201.896 665.368 710.305 339.299 153.222 185.321 606.981 614.506 429.214 434.673 341.44 541.732 426.62 575.925 793.365 646.378 382.655 140.46 272.998 329.632 142.127 618.013 795.878 348.363 135.37 561.749 695.348 404.141 492.893 685.382 234 707.961 111.83 159.063 36.0694 293.748 214.516 294.966 739.173 386.581 716.774 298.565 200.998 744.686 158.619 486.087 260.048 421.84 701.647 739.797 531.738 281.455 428.467 478.357 560.742 715.31 147.801 141.792 143.562 355.106 106.85 706.264 531.93 427.766 632.396 240.651 962.188 174.04 603.802 343.372 394.727 315.246 196.698 403.866 193.866 240.077 468.113 364.574 646.622 479.416 469.47 139.284 59.0593 686.706 887.507 184.878 778.59 866.591 687.42 247.588 372.078 237.901 770.667 765.669 406.964 631.71 517.758 553.264 805.775 674.129 416.016 327.483 547.522 126.384 386.964 714.809 782.52 263.41 566.742 665.544 333.793 612.354 808.961 244.461 
