190
0 571.573 737.822 448.179 547.461 457.752 838.208 929.37 761.615 838.526 601.551 871.085 510.464 265.707 131.594 706.697 470.262 1026.71 397.825 687.664 476.403 504.765 608.133 443.483 314.668 321.66 636.416 403.351 590.912 289.182 653.401 1025.84 356.561 496.195 88.2327 806.486 666.649 754.361 693.387 982.569 508.587 104 271.671 951.526 792.047 452.831 754.576 701.183 703.728 807.035 572.882 421.252 296.138 416.752 368.989 288.3 691.925 471.468 94.921 399.426 893.991 78.0064 655.604 769.625 635.865 976.484 621.232 465.379 828.002 308.934 220.783 820.245 388.106 493.705 607.655 882.298 714.258 356.95 963.823 563.848 507.922 167.869 850.852 608.227 709.322 409.59 578.138 451.509 983.525 625.365 727.72 370.951 583.541 875.957 285.281 588.588 171.047 403.422 901.941 383.836 709.307 487.772 457.106 398.152 124.085 926.102 451.616 332.866 134.852 526.161 345.303 887.651 452.982 837.055 347.079 753.323 515.8 749.338 422.167 356.742 474.65 658.11 698.8 789.826 344.793 836.672 562.424 779.418 341.716 853.113 264.462 814.769 766.531 758.626 383.377 849.021 540.735 293.293 635.232 702.322 936.33 868.38 48.5077 331.074 443.605 114.756 611.585 214.021 352.409 305.792 464.617 875.673 400.345 1021.57 798.179 999.94 965.999 895.558 272.325 967.771 214.234 421.1 464.022 677.621 567.353 632.349 456.453 342.126 972.864 958.583 716.501 463.181 893.954 902.497 551.335 274.591 73.7835 634.924 95.7183 635.132 642.792 648.267 256.164 350.475 852.156 305.11 383.642 929.005 323.957 250.545 
571.573 0 169.189 269.295 155.081 526.541 278.146 374.14 204.502 329.462 281.311 636.523 312.706 441.47 511.117 135.857 348.083 462.317 174.049 587.049 416.74 172.8 129.004 164.149 784.622 443.852 77.3886 268.812 330.728 764.357 97.9439 498.504 529.4 327.055 598.101 235.262 111.611 259.031 121.84 460.57 65.4905 541.295 450.254 394.93 501.336 336.155 507.256 153.17 251.104 370.984 469.308 201.854 678.122 501.328 805.589 306.008 446.73 120.208 547.096 664.567 529.094 499.673 89.0225 301.015 176.465 411.87 461.499 179.939 365.716 726.994 362.377 309.622 297.983 197.274 149.188 313.155 394.507 233.549 408.864 485.264 549.717 698.115 336.81 422.928 425.462 228.954 351.392 590.163 422.452 598.754 185.852 762.858 444.288 573.888 319.758 418.249 651.844 325.332 424.147 414.451 458.215 299.042 591.069 260.862 447.528 587.718 181.221 395.505 485.927 364.66 277.795 585.123 292.72 546.934 639.831 447.214 535.927 404.599 488.194 303.402 267.643 209.497 159.088 218.515 495.55 405.428 667.315 428.789 237.306 579.25 460.769 519.076 558.55 373.965 273.806 491.065 47.8539 470.541 162.997 494.773 643.563 364.774 580.039 287.141 188.353 519.905 496.842 383.334 387.66 439.619 109.293 310.413 371.618 462.731 231.366 438.092 399.362 590.268 652.899 400.78 376.128 403.02 269.258 462.361 197.497 256.182 135.591 390.243 636.123 396.531 166.111 573.624 365.385 352.483 421.429 410.911 644.189 352.677 521.369 567.004 246.449 427.535 637.849 234.804 483.865 272.683 441.96 364.31 474.826 671.316 
737.822 169.189 0 379.269 238.422 669.604 162.604 209.275 55.0091 276.007 317.177 686.568 392.441 582.993 668.682 59.6825 441.562 293.21 342.094 686.062 552.953 278.146 216.002 307.522 952.542 574.003 102.489 396.213 374.414 932.629 88.8144 345.863 651.697 411.874 758.953 72.3395 122.972 173.528 58.1378 313.129 229.421 700.66 590.122 228.878 548.938 436.492 571.265 68.6003 278.959 297.311 585.444 340.837 843.579 609.594 971.668 462.64 523.138 270.49 716.135 821.458 537.238 667.329 106.066 295.102 242.002 242.8 504.575 333.906 345.272 893.311 531.377 190.948 425.075 301.599 185.586 166.736 451.997 389.166 243.403 604.869 637.553 867.208 209.06 466.662 424.986 364.095 402.046 737.141 254.207 658.529 150.153 926.881 499.577 605.089 473.677 469.294 820.948 478.023 310.316 531.173 530.015 433.383 737.304 419.981 613.788 600.54 312.963 555.688 655.103 437.175 423.515 614.56 436.646 587.241 800.493 498.623 669.308 378.451 635.601 439.645 366.849 199.985 148.337 71.5122 619.827 326.676 753.395 463.06 398.408 621.534 625.79 561.485 628.58 333.384 434.333 509.127 197.396 605.437 171.619 575.348 669.789 241.008 748.131 454.01 347.22 678.908 547.738 552.521 514.048 573.315 278.46 141.496 522.805 294.966 108.467 269.537 254.136 617.803 818.952 231.625 545.286 510 372.726 483.046 306.806 332.181 301.877 519.004 643.73 228.127 129.066 718.06 220.955 191.909 539.942 576.327 810.941 376.691 690.305 677.058 253.775 516.934 804.361 403.854 497.845 441.702 557.919 225.737 634.575 838.761 
448.179 269.295 379.269 0 141.089 627.587 529.098 525.122 377.763 598.141 153.388 864.785 78.0064 221.142 339.525 379.817 83.8689 630.432 214.478 766.74 551.144 102.391 386.619 121.511 736.353 198.759 286.568 47.5395 151.476 711.973 293.171 594.658 272.47 77.6209 435.285 450.64 378.033 326.847 361.653 550.441 218.826 375.446 225.08 547.469 737.939 68.1175 730.929 319.025 513.6 360.224 634.717 91.6788 664.146 234.03 776.547 174.003 663.982 161.375 470.491 702.2 785.817 400.895 349.721 568.34 434.166 583.446 238.732 339.249 633.672 701.233 320.426 392.635 61.0737 77.9295 199.812 545.778 631.497 142.088 557.001 642.891 281.668 609.37 422.342 207.393 277.334 71.8053 149.091 672.146 583.789 345.036 452.62 753.125 208.71 817.677 168.716 193.38 586.571 434.388 458.625 151.954 678.708 461.478 675.267 366.657 341.123 840.786 94.0479 456.438 427.403 122.528 112.009 829.543 435.873 786.148 661.308 684.485 660.183 305.188 581.702 91.4385 26.6271 228.239 427.3 448.51 241.002 388.932 398.83 677.445 171.073 815.702 478.301 758.235 773.502 310.654 368.416 744.793 221.472 233.335 222.926 703.847 887.947 434.166 477.67 335.276 327.819 354.278 259.237 351.757 138.101 201.308 235.671 491.435 474.236 616.48 476.17 600.521 633.392 835.612 636.02 580.659 339.093 134.48 16.1245 271.002 421.93 495.904 275.138 144.81 890.371 561.962 431.005 665.144 470.083 494.502 589.211 435.33 519.342 195.226 444.299 732.083 199.973 633.525 618.052 272.809 739.611 266.03 178.899 603.929 522.551 638.02 
547.461 155.081 238.422 141.089 0 623.408 391.368 392.088 237.775 471.492 130.3 787.561 162.754 353.375 456.163 243.329 206.243 495.614 203.364 720.938 527.009 44.3847 283.648 109.622 808.204 338.161 149.857 163.713 176.173 785.318 153.769 478.402 413.534 179.78 550.84 309.584 251.915 206.932 224.956 435.115 132.91 490.765 359.134 414.56 653.911 199.123 656.385 178.227 405.844 278.167 595.399 126.21 718.668 371.849 840.124 259.201 593.318 106.301 549.305 732.274 684.113 487.423 220.81 453.114 331.4 447.394 306.42 289.558 516.637 762.056 374.226 272.8 191.05 64.3817 62.3939 405.098 546.642 193.041 425.248 608.169 406.769 697.213 303.402 267.854 279.893 140.89 196.311 678.983 449.68 446.085 324.68 807.243 289.928 728.067 264.07 263.351 663.383 418.728 361.089 292.828 605.984 418.76 681.017 347.766 428.436 742.79 95.901 466.95 496.009 213.084 205.913 739.417 402.28 700.229 698.554 599.708 644.31 273.046 580.259 210.943 128.86 112.929 302.134 308.248 382.047 311.849 524.218 583.378 214.597 732.06 511.846 672.275 705.274 254.951 355.533 646.131 113.649 371.248 89.0056 638.976 797.938 321.475 568.476 343.494 287.111 468.885 342.266 402.747 277.651 339 180.069 352.673 464.037 484.489 337.668 466.439 492.544 744.7 691.324 443.199 391.901 272.017 134.35 309.477 342.317 407.844 225.222 283.387 791.2 426.719 301.677 666.847 347.287 362.693 547.584 463.321 621.007 201.675 522.398 694.528 117.903 569.846 674.337 277.973 638.937 294.771 319.507 463.625 542.691 701.146 
457.752 526.541 669.604 627.587 623.408 0 677.237 876.088 718.334 602.716 742.647 438.919 705.096 597.927 530.526 613.482 699.372 942.071 425.199 236.578 119.971 602.904 457.079 530.094 413.818 646.877 601.945 586.195 768.26 408.001 622.326 1015.18 724.238 704.393 542.988 711.821 550.523 785.001 611.479 980.612 501.334 528.607 609.572 893.683 401.254 678.517 349.757 676.674 467.11 890.297 156.707 542.623 286.016 753.077 395.034 481.724 307.085 517.619 364.671 187.553 523.871 400.232 563.56 517.035 447.04 895.068 865.223 346.954 549.324 335.859 341.971 835.675 596.004 612.082 655.43 741.847 369.385 485.971 908.771 136.719 841.76 440.028 862.009 834.974 891.036 556.343 773.553 71.5052 912.233 942.501 568.51 332.063 832.69 473.106 498.478 820.491 372.551 205.183 950.588 677.056 321.238 236.84 70.0357 275.772 413.417 534.148 558 174.451 329.524 748.708 529.714 483.009 234.542 435.415 200.442 383.725 59.5063 895.491 46.3249 569.345 648.089 720.938 548.695 682.281 696.77 925.002 934.466 430.406 457.223 440.256 199.151 421.1 339.807 877.802 268.076 484.648 534.551 641.355 677.502 291.556 519.865 890.8 420.212 292.344 341.977 522.044 879.614 316.206 633.411 630.968 446.052 801.477 159.389 953.541 664.801 925.246 801.16 491.004 279.034 878.385 327.812 698.205 640.722 897.43 368.348 379.075 402.855 626.534 573.022 886.487 573.334 48.8262 886.118 861.304 170.391 215.177 486.597 807.001 362.73 182.543 740.781 267.912 278.189 356.359 493.822 363.501 694.288 763.042 136.693 319.152 
838.208 278.146 162.604 529.098 391.368 677.237 0 250.128 197.995 138.463 479.53 590.275 550.681 718.508 787.629 149.459 597.398 277.856 443.644 636.614 557.323 426.71 240.01 439.602 1013.48 716.938 242.553 538.967 536.733 996.249 237.807 400.061 799.145 569.351 872.171 114.039 172.192 323.048 167.487 382.426 343.421 816.716 726.892 258.327 458.843 590.377 494.223 231.193 217.959 439.684 561.702 476.288 894.609 762.539 1022.99 583.661 462.027 397.081 800.913 849.151 416.266 763.01 189.13 195.921 233.206 238.663 667.176 387.3 221.903 946.899 620.44 317.53 568.378 451.382 344.549 67.624 380.643 511.611 272.663 583.967 796.232 948.968 323.595 629.229 584.754 502.204 564.118 748.351 261.031 820.839 115.248 971.269 661.777 497.579 597.804 631.627 895.35 513.414 424.17 680.327 463.78 446.481 747.244 472.076 715.48 479.416 451.887 600.78 737.585 597.182 555.13 505.146 462.277 488.201 837.774 416.371 662.608 533.971 651.954 577.997 519.925 362.505 142.225 93.6056 766.142 464.285 912.879 369.395 513.845 522.078 681.065 465.967 553.25 486.486 488.083 397.666 321.224 745.666 333.204 513.892 555.304 354.154 840.545 523.627 406.588 795.641 710.243 635.541 658.599 714.15 376.197 177.226 552.254 298.826 54.5619 269.462 130.648 506.744 872.822 218.563 631.035 662.616 524.619 644.802 315.103 300.852 382.092 662.348 517.088 239.286 122.09 725.767 311.27 254.167 522.598 634.814 908.883 539.17 776.92 640.45 416.329 469.503 860.466 488.903 384.096 533.24 707.6 92.1358 675 898.697 
929.37 374.14 209.275 525.122 392.088 876.088 250.128 0 170.417 387.495 410.274 840.06 509.975 744.197 847.002 262.774 565.106 106.471 541.672 872.455 758.104 436.45 419.315 487.124 1158.62 723.306 299.366 554.982 461.131 1138.14 280.179 150.748 788.726 531.176 940.745 167.371 325.592 206.155 266.443 133.364 428.385 881 749.213 22.4722 707.308 567.028 739.743 228.827 451.542 267.152 782.53 514.115 1051.73 733.625 1179.5 644.912 701.522 458.132 916.027 1030.61 665.129 862.594 314.341 443.086 436.615 66.4831 568.859 543.18 471.832 1100.97 731.837 151.251 581.041 454.737 329.706 191.23 623.077 573.266 34.8281 803.165 737.652 1067.09 132.853 536.985 453.26 532.234 490.23 944.49 59.3043 725.835 322.121 1135.61 577.669 747.685 652.596 546.978 1023.89 687.059 205.066 669.132 705.345 639.279 944.45 629.174 806.456 727.838 483.82 764.895 856.535 541.208 596.534 755.169 644.596 738.024 1009.73 662.707 872.521 386.353 843.355 602.85 505.341 299.376 334.281 199.223 760.543 276.986 844.597 617.936 587.729 772.001 834.046 715.338 798.669 336.204 643.42 647.742 393.209 758.415 303.896 754.07 804.693 149.375 944.11 661.148 556.333 859.069 615.374 754.965 662.861 726.428 481.838 77.6209 731.574 92.6121 229.689 75.8024 224.662 756.654 1026.77 75.8024 746.837 639.806 513.966 525.445 509.409 521.785 509.135 669.893 763.497 43.0116 310.048 924.754 90.1388 32.0156 738.865 784.381 1003.1 442.832 889.684 869.632 341.775 702.787 1011.87 607.988 634.08 642.82 693.307 228.869 843.83 1045.45 
761.615 204.502 55.0091 377.763 237.775 718.334 197.995 170.417 0 322.419 294.41 740.947 379.858 590.116 684.598 114.28 431.95 265.198 371.4 740.49 602.847 280.794 268.293 322.372 988.436 575.828 128.973 400.81 351.141 967.846 109.809 297.316 649.049 400.262 776.958 87.367 176.567 125.801 109.882 262.366 258.031 717.747 596.317 191.815 603.451 429.466 626.216 61.3514 333.736 246.868 638.355 352.324 882.619 601.838 1010.07 480.077 578.105 290.264 745.963 865.898 588.837 693.578 156.218 347.691 296.319 215.188 477.202 378.054 395.38 931.455 561.601 136.195 428.655 302.152 178.101 183.84 506.949 407.357 205.244 657.444 621.961 897.085 154.117 440.369 387.625 373.038 379.812 784.975 222.092 633.581 203.961 967.187 475.946 658.493 489.232 445.112 853.493 523.442 255.331 528.046 585.021 483.083 785.344 462.673 638.161 652.302 322.8 598.205 686.232 420.638 435.542 667.798 484.357 641.3 843.009 553.372 720.045 336.001 683.118 446.786 362.006 173.954 203.298 104.995 618.428 274.847 735.86 517.178 420.011 675.625 665.195 615.725 683.574 288.855 476.4 561.861 223.081 609.016 157.458 630.286 722.584 186.024 774.965 491.623 389.667 695.846 521.806 584.563 515.241 576.767 311.516 116.09 568.877 261.015 147.611 238.403 266.002 670.878 857.391 208.125 576.49 503.526 369.135 449.872 358.804 386.774 339.988 521.127 694.707 196.977 183.576 766.543 168.573 147.99 592.457 615.374 835.211 347.508 719.701 730.732 226.927 571.557 842.295 437.653 550.273 472.471 554.004 243.895 677.434 875.471 
838.526 329.462 276.007 598.141 471.492 602.716 138.463 387.495 322.419 0 578.599 456.127 634.226 761.646 809.091 237.693 674.647 402.492 465.145 524.203 486.05 498.723 235.688 491.433 972.704 770.094 324.82 597.73 634.534 958.161 328.03 536.337 857.296 650.713 885.127 246.789 220.531 447.754 254.951 520.356 387.714 834.173 771.419 394.214 329.134 664.112 370.108 340.262 142.077 568.98 469.047 529.379 847.937 830.783 973.831 614.921 348.679 446.839 787.023 784.654 277.894 760.876 250.731 85.7963 202.714 369.221 767.484 373.15 85.2115 901.18 617.824 450.814 626.671 523.742 437.138 198.003 265.324 548.352 408.06 492.311 876.544 928.367 459.393 728.723 698.92 556.925 659.831 674.051 392.796 915.45 146.813 917.361 757.011 361.006 631.786 728.24 869.174 470.406 560.988 743.74 347.079 390.939 672.022 446.878 721.002 340.969 510.484 560.083 723.671 684.3 599.554 368.087 415.586 354.265 781.218 292.139 577.977 654.413 585.211 629.492 594.436 469.538 170.857 219.586 823.168 595.702 994.26 240.801 543.225 387.584 645.04 333.732 428.492 609.266 462.836 261.017 377.244 794.331 432.672 398.077 417.222 490.523 832.851 509.322 394.93 814.415 807.867 626.498 715.629 764.446 401.796 315.653 501.483 427.931 176.706 399.112 217.083 369.347 829.107 348.382 624.763 732.273 597.03 753.165 275.278 229.059 391.676 717.558 378.893 373.066 170.018 649.561 449.419 392.588 436.767 603.769 904.956 644.028 765.541 535.944 521.914 365 818.988 491.229 247.018 538.157 771.234 185 626.671 859.546 
601.551 281.311 317.177 153.388 130.3 742.647 479.53 410.274 294.41 578.599 0 916.856 104.924 365.053 490.65 341.621 160.031 516.605 317.511 850.272 651.626 140.014 410.232 213.038 887.108 330.51 255.274 199.249 57.2451 863.001 250.569 455.906 383.802 125.591 586.069 379.563 365.821 204.12 323.909 411.754 262.924 526.703 366.695 431.613 782.413 167.26 786.184 248.67 528.626 209.201 723.532 207.964 809.638 324.423 925.292 323.631 723.469 227.969 621.908 837.478 807.2 553.347 333.174 570.938 457.283 474.009 189.011 417.433 632.282 848.948 462.754 264.201 213.715 131.685 142.13 477.445 675.352 276.132 438.564 735.533 330.22 762.43 291.247 150.426 150.765 205.105 85.44 794.453 469.47 341.353 433.817 898.795 182.472 855.095 320.62 152.118 737.995 540.023 310.929 268.704 736.001 546.628 796.925 469.068 493.414 867.095 186.593 579.275 576.088 131 261.721 866.271 528.194 828.218 799.785 728.242 767.345 157.493 698.264 244.812 126.905 120.503 415.101 388.182 358.622 236.381 442.164 709.775 303.595 860.424 613.765 800.34 835.451 157.41 475.052 770.652 243.183 367.708 146.997 769.27 924.643 296.628 630.8 454.843 413.16 505.89 230.868 493.454 273.715 337.747 306.778 394.588 584.086 496.943 425.067 485.696 560.373 871.321 781.668 475.606 481.331 234.983 137.535 181.157 472.412 536.661 352.013 282.705 914.84 451.004 409.86 784.223 341.248 378.338 675.919 567.563 672.538 71.5891 595.451 822.657 69.4622 700.139 763.961 388.851 762.714 395.338 289.981 537.611 651.524 786.212 
871.085 636.523 686.568 864.785 787.561 438.919 590.275 840.06 740.947 456.127 916.856 0 929.104 933.107 910.885 630.341 948.465 857.879 657.866 211.038 394.894 792.23 509.181 743.646 845.923 967.425 681.792 840.134 963.121 842.998 695.816 990.316 1056.23 938.002 948.684 684.685 577.105 854.775 640.853 971.116 658.752 919.75 945.061 848.566 138.004 930.86 134.015 733.186 408.375 979.127 298.786 774.257 721.449 1060.72 817.001 784.992 202.072 707.987 784.949 605.14 197.73 801.479 607.561 398.554 464.686 825.324 1089.08 527.565 370.951 768.269 694.31 877.084 862.119 812.568 784.236 653.551 242.332 749.849 862.794 310.538 1134.54 877.739 892.44 1051.69 1061.89 798.807 980.523 485.264 848.809 1209.79 537.142 752.003 1066.36 102.044 804.812 1043.92 810.069 487.083 995.064 972.305 186.473 421.043 480.068 529.528 793.746 155.974 772.426 539.893 736.31 981.115 806.705 100.499 454.933 102.078 632.757 190.686 381.435 1036.59 460.161 847.59 874.488 838.896 539.337 653.154 1023.42 1010.59 1245.02 224.288 728.248 68.593 608.386 125.575 104.657 1000.28 536.795 197.307 673.953 975.722 793.305 172.63 95.3415 924.561 841.24 592.079 542.242 907.359 1118.94 681.375 931.904 954.934 629.594 765.065 475.585 884.012 614.782 855.234 665.427 104.043 717.029 804.504 688.408 978.72 871.746 1097.04 446.652 380.368 589.863 928.761 167.057 828.571 557.503 461.01 892.37 841.288 321.622 597.957 912.597 988.433 776.233 262.374 881.504 238.472 716.98 626.522 212.269 662.206 996.451 638.045 553.813 757.565 
510.464 312.706 392.441 78.0064 162.754 705.096 550.681 509.975 379.858 634.226 104.924 929.104 0 263.501 393.459 404.534 55.5428 616.437 288.045 839.236 626.537 140.716 437.727 188.043 806.469 226.119 311.708 123.471 80.4487 781.776 313.308 560.811 279.952 21.2132 487.906 460.44 414.367 304.647 386.163 516.643 272.998 429.471 264.201 531.745 799.435 62.9682 795.78 326.497 563.113 311.853 708.046 164.924 738.529 224.109 848.644 248.214 729.828 221.118 540.39 779.518 839.522 469.163 383.51 613.47 485.824 572.198 163.811 408.094 677.703 774.233 396.958 367.049 126.463 117.796 206.891 558.08 692.278 220.036 539.523 717.041 245.552 674.908 394.872 130.419 202.97 148.758 72.0347 750.113 569.278 286.386 487.414 827.281 137.437 877.146 240.416 117.953 656.081 510.298 414.934 163.783 743.964 533.24 753.215 441.663 410.124 896.488 158.405 534.338 500.402 52.4976 187.321 888.821 509.166 847.048 738.082 745.51 736.837 239.008 659.298 159.154 57.7235 212.038 464.562 463.78 253.955 336.81 362.406 734.556 249.032 877.568 555.814 819.039 840.467 252.96 444.213 799.943 266.693 263.454 222.991 771.56 947.403 401.329 543.31 412.753 398.502 409.334 189.855 428.348 170.801 234.094 300.323 487.41 550.913 598.429 496.384 585.73 643.886 894.566 710.372 572.224 415.578 130.729 64.3817 193 483.198 554.655 342.584 180.236 945.584 549.607 464.431 742.972 444.577 478.29 661.928 513.195 579.473 124.555 514.689 806.019 169.056 701.294 692.301 349.594 793.738 344.013 185.44 617.761 600.521 710.793 
265.707 441.47 582.993 221.142 353.375 597.927 718.508 744.197 590.116 761.646 365.053 933.107 263.501 0 136.883 571 215.002 848.614 302.333 790.419 561.32 309.561 529.25 279.029 578.218 57.3149 482.872 189.663 341.697 552.762 494.24 815.324 127.028 245.66 227.079 655.332 552.269 547.943 554.044 771.065 377.573 171.511 12.0416 766.63 823.516 201.137 801.901 529.412 650.61 574.147 658.752 243.132 537.269 162.364 628.978 153.418 733.43 321.562 322.134 611.425 898.053 249.289 530.091 713.444 571.108 800.688 356.131 424.662 778.555 561.89 256.759 613.777 163.175 289.698 415.289 745.822 725.096 213.431 776.656 659.109 255.431 433.52 643.466 345.398 451.861 218.916 324.105 620.79 802.373 369.001 624.946 621.18 318.496 908.372 134.183 325.509 429.694 450.831 675.66 118.533 750.265 512.291 625.353 403.714 202.428 944.566 270.069 428.065 304.902 268.002 163.689 920.579 478.177 872.262 562.374 774.4 645.608 499.267 552.888 143.544 244.199 449.232 596.675 647.893 99.0051 600.083 337.077 782.44 222.284 896.706 408.044 845.818 831.992 516.405 396.406 853.731 397.283 43.8292 440.409 761.483 976.449 654.77 307.072 342.243 404.975 153.847 346 281.753 93.3381 40.6079 360.734 705.694 474.843 836.11 669.007 819.134 833.735 927.698 510.079 796.543 270.141 156.668 234.342 414.162 529.555 605.974 379.749 83.4865 994.387 779.808 606.822 622.541 691.198 714.045 621.361 382.832 327.42 383.965 301.135 745.287 419.715 694.73 492.037 309.343 852.12 270.947 118.663 801.105 467.234 499.313 
131.594 511.117 668.682 339.525 456.163 530.526 787.629 847.002 684.598 809.091 490.65 910.885 393.459 136.883 0 646.426 348.633 948.534 346.208 745.526 520.712 411.919 573.502 362.406 446.23 191.269 566.23 298.987 473.28 420.739 580.827 930.89 227.079 377.243 95.8019 740.017 616.028 659.939 631.116 886.919 445.702 36.0694 141.549 869.442 815.724 332.898 785.636 623.258 683.914 699.275 620.181 333.001 418.647 285.26 499.818 206.155 719.078 398.283 203.394 508.498 905.314 138.159 599.348 749.435 608.865 899.177 492.881 444.627 811.993 437.005 217.83 726.309 278.469 396.548 518.33 823.904 726.441 279.646 880.657 615.761 376.821 298.277 756.652 482.134 587.167 315.286 457.752 539.371 903.542 494.033 683.896 498.145 455.281 901.135 195.433 462.278 300.806 425.067 798.123 255.361 736.481 501.124 544.537 397.472 118.929 944.902 363.2 376.591 206.708 403.15 250.529 913.212 465.296 863.169 457.083 771.259 584.477 631.811 488.987 250.2 365.034 561.507 654.782 727.699 213.469 727.025 437.013 788.752 273.936 883.58 331.622 838.537 806.812 645.589 385.701 860.136 473.03 161.771 545.165 738.513 965.945 771.075 176.556 328.495 422.831 17.088 481.274 229.713 227.748 175.96 412.82 800.548 436.281 939.603 742.437 920.232 910.464 920.813 392.869 892.718 222.497 293.537 354.543 551.011 551.871 624.288 417.433 217.506 993.63 879.651 669.102 546.108 802.395 818.284 590.018 321.797 190.539 516.519 188.215 695.937 539.008 677.109 375.506 322.084 860.954 275.545 253.16 875.318 394.062 376.34 
706.697 135.857 59.6825 379.817 243.329 613.482 149.459 262.774 114.28 237.693 341.621 630.341 404.534 571 646.426 0 449.565 338.104 308.872 626.39 495.973 277.462 157.699 292.027 908.199 567.868 93.6056 389.724 398.045 889.002 91.9239 403.541 649.705 422.547 733.913 104.484 63.9062 225.198 18.3848 371.903 200.878 676.932 579.07 281 492.448 441.811 513.157 106.471 222.009 349.817 526.24 328.098 796.312 613.502 924.807 440.756 464.01 250.721 678.708 769.02 487.045 633.948 54.037 244.182 182.321 288.503 530.632 283.572 298.987 846.837 494.619 249.201 419.115 302.238 201.405 177.485 393.935 367.696 295.941 545.853 649.708 829.195 268.365 492.001 462.477 353.566 424.081 681.725 302.729 680.695 98.4886 878.231 521.698 551.196 453.722 492.367 780.314 425.417 369.034 530.895 471.179 376.777 681.707 370.527 582.761 549.875 302.952 505.724 616.586 452.623 408.276 561.001 381.914 531.897 749.91 441.426 611.543 421.774 580.595 429.514 371.295 232.207 91.0055 83.2586 616.75 380.569 766.891 407.751 372.903 566.079 578.744 505.72 570.138 379.353 385.452 456.811 174.645 597.086 195.133 516.117 617.041 300.202 713.73 409.816 298.67 655.477 571.83 513.632 509.295 565.417 242.392 189.908 469.401 344.054 98.0459 317.099 264.327 564.575 772.334 274.722 507.355 513.609 375.682 515.505 248.467 272.547 259.083 513.175 594.375 276.586 75.1532 662.1 280.401 248.244 480.988 529.854 778.992 406.362 653.453 617.493 284.26 457.319 758.283 364.428 446.179 405.217 558.186 230.367 584.015 793.832 
470.262 348.083 441.562 83.8689 206.243 699.372 597.398 565.106 431.95 674.647 160.031 948.465 55.5428 215.002 348.633 449.565 0 671.545 295.61 847.217 628.664 176.006 468.615 205.38 772.706 173.358 356.041 114.481 127.44 747.692 359.601 615.873 224.415 34.4819 441.576 510.813 454.12 360.035 431.195 571.749 301.126 384.346 214.395 586.941 821.808 21.0238 814.566 376.968 595.336 364.918 714.616 174.485 711.632 170.106 817.487 226.374 747.477 244.663 507.496 760.919 868.835 434.899 424.407 648.672 516.405 626.997 168.003 422.303 713.674 744.711 377.53 422.587 104.173 151.093 256.345 607.961 715.353 214.972 594.848 721.915 201.933 636.649 450.405 143.951 239.14 151.611 109.225 740.039 624.401 261.335 528.187 799.673 133.634 901.493 214.832 126.151 622.094 511.376 468.706 109.124 762.3 542.918 743.494 445.35 377.308 924.189 177.654 526.089 472.217 56.648 170.576 913.348 516.202 870.014 717.363 768.35 734.896 284.271 653.159 134.183 80.455 266.543 504.001 512.489 198.595 388.579 319.651 761.006 243.023 899.564 539.112 842.099 856.703 303.21 445.892 828.073 300.673 210.801 274.536 786.868 971.768 456.633 505.799 408.495 410.187 365 180.693 408.765 121.696 182.727 319.532 541.045 549.401 653.815 543.474 640.888 694.447 919.397 683.512 626.671 395.79 75.1864 79.511 212.96 505.776 579.59 358.666 131.712 973.707 604.507 505.811 734.782 500.12 533.481 669.722 499.362 537.239 169.012 482.597 811.224 224.555 716.572 665.307 348.862 822.696 335.872 129.988 667.284 587.716 681.112 
1026.71 462.317 293.21 630.432 495.614 942.071 277.856 106.471 265.198 402.492 516.605 857.879 616.437 848.614 948.534 338.104 671.545 0 634.129 914.464 822.511 539.834 486.963 586.974 1245.17 828.9 391.372 659.085 567.001 1225.5 373.593 166.976 895.056 637.636 1041.52 234.062 396.406 312.519 346.006 178.331 520.778 982.078 853.904 85.0235 731.339 673.318 769.896 326.107 494.581 363.321 836.118 615.592 1134.37 840.091 1262.81 744.86 739.806 555.454 1008.74 1104.72 671.763 958.075 391.992 472.306 495.626 50.4777 672.054 621.567 487.283 1184.74 824.011 255.501 685.598 558.922 433.417 210.345 658.074 672.388 79.9062 857.864 843.262 1159.89 233.636 641.103 553.08 634.802 596.021 1012.04 47.1699 828.242 374.927 1216.28 682.221 760.608 753.463 651.697 1114.15 761.804 284.598 775.307 741.242 706.202 1011.51 708.59 903.117 732.134 585.568 843.586 948.061 647.483 698.508 766.676 715.726 756.339 1087.29 691.764 932.906 484.406 912.495 706.555 611.099 405.613 393.395 261.079 866.712 367.681 949.21 642.44 685.184 789.286 916.719 736.213 828.785 435.124 723.553 661.267 486.893 863.765 408.271 791.541 811.518 243.403 1039.3 746.459 636.75 960.154 718.577 845.612 768.368 831.703 571.496 151.99 804.709 36.4006 278.038 31.0161 198.728 767.047 1110.26 63.8905 838.208 746.201 619.578 626.221 573.838 573.665 594.557 775.243 762.443 68.9493 368.741 990.896 185.367 138.293 795.063 867.659 1100.25 547.463 982.742 917.486 448.216 747.011 1096.04 697.058 646.692 734.426 799.606 220.511 921.558 1131.1 
397.825 174.049 342.094 214.478 203.364 425.199 443.644 541.672 371.4 465.145 317.511 657.866 288.045 302.333 346.208 308.872 295.61 634.129 0 552.262 339.094 178.126 229.837 105.043 620.385 322.075 242.99 183.382 344.584 598.93 261.603 654.655 412.467 291.678 428.591 409.298 271.459 392.759 295.703 613.822 113.464 373.836 313.088 563.206 536.75 276.538 523.927 313.576 348.485 480.077 420.353 123.329 522.097 405.844 646.747 150.864 455.874 98.0867 374.733 529.145 600.204 325.632 258.136 411.958 269.52 583.661 451.717 130.832 476.715 568.071 190.205 453.878 204.277 187.024 247.487 484.876 433.212 94.2019 576.49 429.01 476.707 525.894 483.671 418.14 466.027 144.003 352.495 477.582 592.801 555.493 337.784 609.636 422.995 619.536 168.885 405.927 482.46 224.183 556.004 316.255 471.432 247.316 479.893 154.208 273.912 650 133.634 263.911 314.865 336.538 151.648 631.652 221.45 585.594 496.533 484.864 451.864 471.641 380.757 191.05 230.361 310.886 308.649 392.013 378.208 514.192 588.34 486.273 80.0562 613.13 310.421 558.144 563.227 457.665 158.382 556.692 148.529 339.52 273.542 492.882 689.192 507.229 406.133 140.132 115.802 353.112 473.714 213.776 277.995 312.771 67.4685 482.196 267.12 632.286 401.254 608.817 569.506 638.289 495.461 573.496 205.244 320.861 224.84 476.593 229.491 306.34 77.4726 276.4 700 567.205 323.608 466.804 520.128 517.402 374.733 261.191 470.231 382.188 348.633 518.046 321.014 422.806 479.2 74.8465 553.919 101.316 341.576 533.146 339.33 509.356 
687.664 587.049 686.062 766.74 720.938 236.578 636.614 872.455 740.49 524.203 850.272 211.038 839.236 790.419 745.526 626.39 847.217 914.464 552.262 0 229.107 713.926 476.42 651.758 635.932 832.45 650.038 733.426 888.046 633.861 668.007 1021.63 917.066 843.828 770.162 706.072 564.199 836.135 631.355 994.505 588.154 748.91 802.439 885.702 225.229 827.615 169.532 715.716 421.646 955.253 133.462 675.394 512.925 933.608 606.007 653.536 175.756 625.002 596.872 394.367 347.151 624.007 588.361 444.639 444.173 873.785 1003.02 433.797 448.475 558.564 537.402 872.974 750.427 729.864 734.292 704.182 259.002 635.047 900.811 131.366 1015.82 676.096 894.168 968.303 1000.71 695.932 900.134 275.772 894.93 1104.63 550.568 541.004 975.136 270.958 672.602 957.147 608.79 342.603 992.99 849.605 177.553 306.111 270.407 402.94 626.598 335.936 681.487 369.207 555.112 888.617 688.122 277.973 331.024 239.71 423.71 238.801 177.2 989.102 266.055 729.776 781.839 796.445 541.503 673.787 886.413 989.114 1118.83 294.105 609.199 231.482 423.521 237.154 128.95 960.808 404.638 319.864 612.944 834.173 749.999 126.752 301.086 925.684 653.043 452.093 441.141 739.417 1025.98 518.314 806.782 818.074 544.57 794.835 315.636 934.192 643.68 904.788 740.724 285.24 510.221 854.296 527.623 863.211 776.831 1022.8 391.184 353.99 499.857 801.79 364.792 871.324 564.628 252.414 905.843 865.879 177.539 423.993 721.417 920.433 591.949 54.0833 829.723 169.859 511.533 501.941 333.294 527.365 870.899 706.612 363.926 551.131 
476.403 416.74 552.953 551.144 527.009 119.971 557.323 758.104 602.847 486.05 651.626 394.894 626.537 561.32 520.712 495.973 628.664 822.511 339.094 229.107 0 511.895 338.789 443.095 504.008 603.822 490.242 514.187 682.924 493.836 510.33 898.814 688.012 628.765 553.954 593.043 432.589 675.731 494.838 865.18 399.055 526.984 573.338 775.341 323.608 608.434 280.615 563.845 348.518 785.377 99.4887 461.637 375.225 705.902 495.323 426.311 223.087 423.738 392.135 298.739 438.018 406.71 447.161 400.772 327.2 775.753 789.709 240.52 437.379 428.019 309.013 723.675 528.706 524.299 552.743 621.876 268.693 414.03 790.475 97.8008 789.649 499.299 749.147 756.88 801.974 479.404 691.575 191.05 793.202 882.117 448.626 435.584 759.605 404.401 445.063 744.099 432.51 117.393 840.31 623.238 239.76 119.775 189.932 184.946 402.2 459.549 472.319 145.437 341.563 673.668 464.562 415.64 125.575 365.367 299.386 294.061 119.239 800.003 99.7647 505.95 568.821 617.865 429.121 563.185 657.506 820.051 890.834 333.473 386.836 378.442 215.935 345.636 290.259 778.42 182.85 395.41 430.035 605.083 573.062 226.433 461.494 778.627 448.108 225.002 240.052 515.83 809.041 291.556 580.055 589.275 347.006 682.961 86.5563 834.458 545.023 806.038 681.688 423.67 361.454 758.892 300.147 638.859 562.683 815.633 249.209 260.11 302.081 574.653 503.572 767.547 453.79 168.668 771.198 744.164 76.4853 203.194 520.68 719.028 381.976 185.432 642.412 179.471 355.533 279.902 402.275 300.593 643.743 643.467 168.297 397.82 
504.765 172.8 278.146 102.391 44.3847 602.904 426.71 436.45 280.794 498.723 140.014 792.23 140.716 309.561 411.919 277.462 176.006 539.834 178.126 713.926 511.895 0 297.015 75.5844 770.26 296.204 184.177 120.033 174.256 747.054 191.157 521.492 373.936 154.302 506.72 350.006 278.196 249.826 259.278 478.001 133.69 446.609 315.565 458.923 660.928 165.711 659.619 220.538 422.513 313.019 585.636 84.1487 683.949 336.122 803.839 216.511 594.794 89.0505 509.472 703.159 698.828 446.189 248.863 473.812 345.114 491.48 296.865 280.146 538.472 726.154 337.682 315.978 147.98 25.0799 106.775 444.227 553.592 153.052 469.632 596.953 377.938 656.347 346.539 259.538 290.079 96.7471 188.743 655.665 493.974 427.095 352.427 772.842 275.601 737.607 220.538 251.873 624.232 400.011 400.371 254.012 608.313 408.806 658.005 329.055 386.84 755.969 55 441.312 457.673 193.104 161.895 749.2 389.051 708.162 667.608 606.844 627.352 293.626 558.735 166.76 95.7131 153.574 328.014 346.671 341.775 345.809 495.654 594.407 176.709 739.147 480.833 680.144 706.253 282.082 335.121 659.382 126.151 328.562 133.282 638.451 807.8 363.626 526.901 316.926 274.41 424.746 328.402 367.049 236.008 296.326 169.366 396.162 444.162 528.867 373.805 510.73 532.024 754.827 656.357 487.016 355.736 236.299 98.7927 309.273 345.585 415.356 214.161 241.251 804.99 470.919 330.298 644.891 391.042 407.077 538.318 433.244 578.17 207.483 482.578 684.644 148.03 568.558 639.112 250.833 653.077 262.206 281.128 502.022 515.147 664.624 
608.133 129.004 216.002 386.619 283.648 457.079 240.01 419.315 268.293 235.688 410.232 509.181 437.727 529.25 573.502 157.699 468.615 486.963 229.837 476.42 338.789 297.015 0 269.78 773.714 542.045 176.082 376.969 459.61 756.309 192.751 561.231 631.064 450.587 650.837 254.892 93.9415 360.035 158.521 529.129 167.8 599.001 539.449 436.646 373.106 454.667 381.886 239.301 127.063 480.838 370.13 306.863 656.003 611.993 784.605 380.27 324.41 226.318 564.156 618.124 401.838 531.279 112.787 185.408 48.1041 439.005 589.835 147.851 251.098 707.951 387.723 397.417 404.638 320.358 275.087 296.81 266.852 315.995 451.757 389.154 668.204 710.663 419.935 551.4 553.017 334.524 479.802 526.135 455.495 724.083 124.824 734.437 571.505 444.893 397.634 546.145 655.897 276.74 517.151 522.75 334.516 220.273 525.875 232.071 488.222 459.527 293.532 362.229 500.589 490.111 369.616 456.12 228.878 418.24 602.735 319.127 453.863 528.138 425.837 402.796 388.99 330.643 98.4733 226.02 596.657 514.193 785.02 299.817 308.707 450.795 441.318 390.448 435.178 493.818 248.073 362.857 171.593 563.841 284.623 374.489 514.561 450.948 606.36 285.356 167.967 579.055 624.219 399.861 490.683 535.004 168.585 344.398 318.311 496.864 213.925 468.846 370.643 461.27 633.679 423.08 396.548 516.733 389.104 591.331 90.824 130.25 156.08 491.435 508.276 429.638 121.511 505.831 436.578 405.86 324.173 394.819 676.717 481.503 540.981 463.471 372.324 310.413 620.994 258.118 356.187 304.582 549.888 332.006 438.098 658.903 
443.483 164.149 307.522 121.511 109.622 530.094 439.602 487.124 322.372 491.433 213.038 743.646 188.043 279.029 362.406 292.027 205.38 586.974 105.043 651.758 443.095 75.5844 269.78 0 698.617 279.732 205.665 107.355 239.883 675.785 219.021 583.991 365.925 194.859 454.616 379.512 275.746 313.984 275.22 541.295 104 395.38 287.294 509.44 616.429 188.905 609.893 261.09 396.676 386.766 521.284 37.9473 609.676 342.381 730.624 157.918 543.25 44.5982 440.596 627.579 665.869 380.402 251.794 454.12 316.457 537.314 351.525 220.084 519.824 652.642 264.62 378.857 135.65 82 165.614 467.629 510.005 86.5332 521.311 531.161 400.25 589.377 409.414 316.545 361.006 65.5515 249.088 581.423 542.576 466.4 349.748 698.417 325.135 696.254 166.973 305.655 554.179 329.029 470.636 253.584 557.776 345.649 583.888 258.631 322.233 720.107 29.7321 366.46 386.557 238.839 116.52 708.137 322.816 664.64 592.112 562.979 556.741 368.517 485.454 139.262 131.529 222.423 322.407 369.957 331.887 420.011 516.242 556.515 105.418 694.208 405.316 636.73 653.306 357.655 263.372 624.375 118.512 306.62 193.259 584.042 766.512 429.214 461.842 242.002 210.685 373.484 377.069 293.302 224.207 275.536 114.202 438.207 372.163 579.639 390.001 559.178 555.371 714.244 582.22 530.434 282.349 247.164 128.16 372.828 300.466 374.777 154.829 226.374 769.801 518.247 330.26 571.265 451.071 459.549 474.735 357.66 517.259 277.146 413.706 619.743 222.971 513.729 565.127 175.932 619.564 186.85 280.92 522.277 439.756 591.589 
314.668 784.622 952.542 736.353 808.204 413.818 1013.48 1158.62 988.436 972.704 887.108 845.923 806.469 578.218 446.23 908.199 772.706 1245.17 620.385 635.932 504.008 770.26 773.714 698.617 0 634.972 859.533 689.072 885.937 25.4951 879.173 1275.01 670.099 794.922 382.012 1012.67 854.546 1010.21 899.274 1233.95 731.859 417.507 585.027 1179.54 814.647 753.706 763.574 932.706 830.67 1082.85 569.661 687.309 129.066 731.416 63.9766 563.49 718.443 713.376 266.101 243.016 935.985 337.854 854.169 890.848 784.217 1194.97 930.658 628.282 935.558 78.0256 434.48 1073.08 680.237 765.489 862.119 1069.74 772.49 617.467 1193.39 550.455 822.365 154.208 1103.19 914.56 1009.02 683.699 877.097 360.672 1206.69 939.941 898.245 109.293 893.031 886.731 567.652 895.377 150.615 503.572 1169.25 694.92 733.42 581.95 365.855 541.946 396.365 947.965 715.28 414.237 312.623 829.333 625.519 896.469 557.721 849.193 214.009 793.746 467.001 1041.53 408.222 647.578 762.827 921.035 872.122 989.2 659.413 1114.95 871.112 836.634 593.837 853.071 332.415 834.774 751.054 1043.74 526.135 895.389 767.923 607.764 889.355 705.374 931.174 1125.47 271.155 498.712 610.892 429.424 923.907 407.521 660.285 618.709 676.97 1093.99 471.394 1247.21 985.504 1222.08 1143.92 904.434 143.962 1182.41 417.401 730.896 752.471 984.2 703.236 744.39 650.699 650.165 986.487 1180.65 894.468 385.254 1140.5 1135.93 574.312 379.473 270.118 930.207 292.072 583.586 916.935 677.19 153.844 550.938 903.538 519.573 696.805 1105.15 346.508 114.826 
321.66 443.852 574.003 198.759 338.161 646.877 716.938 723.306 575.828 770.094 330.51 967.425 226.119 57.3149 191.269 567.868 173.358 828.9 322.075 832.45 603.822 296.204 542.045 279.732 634.972 0 476.823 178.34 300.629 609.499 486.103 785.377 90.4268 206.495 277.189 646.063 555.462 522.463 550.276 741.114 382.573 224.555 50 745.588 853.534 163.294 834.966 516.327 666.389 537.82 699.809 242.012 594.445 107.448 686.115 182.439 766.345 324.039 379.438 666.965 922.122 306.529 530.858 727.396 586.059 782.13 302.476 449.766 793 619.2 304.91 587.273 149.121 273.806 398.279 739.327 752.607 228.653 754.788 701.52 199.745 489.217 616.248 294.457 404.278 215.205 280.28 672.622 782.146 312.079 629.458 678.484 265.068 937.687 162.635 274.461 486.773 490.634 641.049 67.2681 782.859 546.598 677.044 438.552 258.627 970.954 265.062 474.958 361.087 222.194 172.722 949.874 513.595 902.435 618.321 803.122 692.781 455.593 601.349 140.684 218.05 424.86 601.973 641.412 56.4004 561.912 288.118 807.652 243.813 928.141 460.331 875.514 867.8 476.501 432.834 878.4 397.574 37.4433 421.684 797.023 1006.57 625.16 363.83 381.084 431.4 208.355 290.057 331.699 60.6712 17.0294 374.257 690.027 517.827 814.229 665.709 798.855 827.293 956.785 567.198 779.416 319.583 106.301 209.344 362.25 551.552 628.395 399.021 55 1020.93 760.548 609.946 673.339 665.054 692.44 660.622 432.487 381.278 341.104 358.314 788.812 390.151 729.044 549.131 340.931 875.882 307.065 61.9839 796.217 518.368 556.626 
