10
0 724.247 259.887 535.62 499.68 228.219 684.901 622.834 835.692 187.968 
724.247 0 958.738 1035.63 780.378 732.247 613.505 103.697 527.911 666.706 
259.887 958.738 0 378.505 493.547 436.464 768.862 861.267 962.191 427.37 
535.62 1035.63 378.505 0 294.864 759.951 607.211 958.894 832.328 722.97 
499.68 780.378 493.547 294.864 0 718.178 315.991 717.714 539.033 657.647 
228.219 732.247 436.464 759.951 718.178 0 860.401 629.414 975.174 76.4199 
684.901 613.505 768.862 607.211 315.991 860.401 0 589.919 226.135 786.848 
622.834 103.697 861.267 958.894 717.714 629.414 589.919 0 543.788 563.257 
835.692 527.911 962.191 832.328 539.033 975.174 226.135 543.788 0 898.855 
187.968 666.706 427.37 722.97 657.647 76.4199 786.848 563.257 898.855 0 
738 247
16 190
953 393
878 764
586 723
728 19
271 748
119 178
47 717
672 71