190
0 146.769 54.1202 241.628 722.731 490.083 869.416 176.082 383.537 798.612 418.422 140.72 830.154 362.243 142.127 556.774 685.87 163.355 429.66 184.719 724.305 765.288 227.167 366.019 403.586 820.624 540.833 306.726 182.617 238.103 702.631 724.856 587.33 623.533 410.026 495.841 168.217 666.721 404.678 368.657 501.088 883.509 506.609 86.3308 883.315 80.8084 647.521 666.832 337.136 391.465 733.988 839.029 597.478 554.698 791.836 558.409 666.067 676.97 447.925 331.747 202.941 148.489 704.865 349.057 219.754 822.709 117.38 711.841 822.539 411.647 608.639 424.976 477.821 845.151 110.277 850.366 390.519 135.015 740.368 401.618 354.515 525.694 181.025 366.613 568.959 270.313 374.171 875.814 564.646 62.6259 896.184 593.742 431.15 452.479 655.641 789.208 772.599 816.135 380.043 684.547 504.6 211.521 853.774 715.28 402.274 255.18 536.017 679.548 918.178 702.422 919.356 93.1451 277.705 609.539 140.417 656.437 347.8 398.303 515.842 302.101 860.405 144.931 405.044 521.487 668.427 959.951 363.235 178.191 727.531 753.17 473.542 732.992 150.96 605.083 276.886 84.7231 644.86 383.221 431.259 835.859 612.63 765.125 599.404 736.555 871.966 440.433 507.075 249.834 550.469 78.7718 701.377 517.479 282.931 754.524 520.862 478.592 808.92 590.493 202.312 587.64 335.658 229.637 432.005 502.673 679.654 394.23 375.261 696.105 179.847 493.106 359.089 355.563 161.839 90.2109 624.225 407.604 619.453 196.329 21.1896 562.091 453.282 390.717 931.112 561.135 65.123 564.3 410.329 915.913 765.685 842.917 
146.769 0 194.01 197.74 720.02 442.09 875.581 258.147 439.09 759.58 416.252 286.225 768.355 215.613 77.1038 476.42 682.034 49.3356 471.641 103.788 670.981 703.341 100.17 511.966 283.656 767.086 422.991 424.231 76.3806 133.454 681.561 696.581 554.388 632.976 550.556 429.773 314.302 617.103 520.389 316.628 423.367 759.371 429.511 233.019 778.069 190.759 632.602 592.42 201.002 508.771 605.42 727.083 450.809 450.525 759.027 411.672 592.866 539.426 346.554 460.41 282.592 273.649 627.459 469.086 82.7345 687.649 212.398 746 823.462 309.871 461.91 287.618 419.345 719.64 186.682 740.017 424.332 241.151 704.162 480.604 265.319 427.702 320.888 355.258 442.747 403.051 518.368 754.709 424.552 114.809 777.545 510.004 292.904 567.297 585.085 682.495 671.547 747.286 519.577 618.594 371.849 286.587 732.184 583.057 405.242 225.624 593.283 587.307 918.349 676.651 797.895 223.779 148.556 584.152 59.4138 575.043 264.413 485.776 588.666 224.864 729.812 90.609 356.867 492.49 701.342 835.843 217.883 56.0803 756.625 624.391 362.112 712.423 275.427 564.911 423.647 166.868 526.12 515.163 483.575 813.814 475.455 684.001 554.693 751.192 852.481 305.041 487.592 328.283 515.923 176.465 649.049 412.689 273.234 654.652 514.218 440.31 775.632 622.223 200.661 574.867 304.508 199.92 338.25 370.277 582.975 469.308 415.935 727.943 149.907 352.319 469.118 478.004 195.604 231.458 479.76 309.713 642.826 163.884 133.454 426.423 374.457 316.495 815.668 414.403 133.094 420.22 305.897 783.798 729.044 720.236 
54.1202 194.01 0 292.836 759.263 538.238 902.602 199.7 406.596 843.295 458.268 93.4719 878.957 407.309 172.2 608.927 722.967 215.745 456.448 238.839 772.01 814.3 279.761 327.232 457.499 868.028 565.287 300.54 216.375 266.177 743.872 767.597 631.951 657.548 380.337 546.594 122.156 714.025 396.94 418.647 553.173 937.48 558.605 54.1295 937.081 107.224 687.695 717.948 373.783 382.926 787.61 893.083 642.135 608.619 835.235 604.525 717.029 729.178 501.857 315.831 225.038 147.201 756.257 339.638 270.823 875.516 143.265 737.36 857.46 465.639 654.765 476.944 527.668 899.041 146.322 904.37 420.954 91.0934 784.727 414.367 408.13 579.356 128.144 409.575 622.676 252.48 339.324 929.889 601.561 88.2327 950.299 646.133 467.757 444.389 706.283 843.09 826.177 866.083 352 734.44 557.545 234.955 907.833 768.482 441.172 255.738 555.213 732.561 952.824 744.736 973.427 97 330.48 652.402 193.912 708.419 362.329 407.07 528.946 316.538 913.874 199.023 454.059 565.878 694.761 1013.94 406.1 230.384 754.603 806.781 496.001 773.932 150 650.996 234.438 72.45 698.949 363.16 454.314 876.617 664.877 816.841 646.198 768.085 911.95 475.195 549.613 269.017 595.702 58.1378 749.003 571.454 327.739 808.038 560.261 525.187 852.348 618.066 249.008 627.809 383.021 232.775 485.618 555.666 733.018 408.952 403.864 722.541 190.074 530.974 356.27 344.139 149.723 37.5366 673.625 461.469 649.367 204.749 60.8769 595.961 505.69 400.196 985.22 607.284 114.935 613.942 464.389 969.216 810.015 896.939 
241.628 197.74 292.836 0 522.551 252.723 678.809 189.201 283.445 568.018 221.353 356.385 590.122 306.105 271.131 316.539 484.546 150.083 300.107 95 486.474 525.047 145.619 524.681 215.133 583.095 578.83 358.699 272.655 324.205 484.646 501.175 359.551 438.115 529.06 254.232 376.586 430.066 438.347 128.141 260.755 672.92 266.062 296.589 651.63 207.099 434.957 425.254 347.052 431.06 535.397 613.653 506.774 328.661 565.173 459.335 424.449 504.453 225.222 413.038 197.466 263.137 463.441 401.678 168.107 636.611 192.276 559.604 626.139 193.052 504.7 278.002 237 637.64 167.574 623.29 249.946 375.9 511.258 347.023 129.495 295.34 407.443 159.289 373.815 374.61 517.212 660.789 532.076 262.835 677.503 354.12 419.593 479.017 414.035 559.779 539.189 574.836 496.96 443.366 330.946 193.197 639.858 525.632 212.603 422.181 427.619 442.305 720.834 480.58 704.102 246.13 159.248 387.621 141.439 415.766 455.198 362.73 438.731 419.172 662.341 114.18 166.46 296.184 515.024 748.001 324.45 150.333 567.596 554.351 528.933 515.516 262.932 372.78 459.01 313.359 432.598 469.521 320.325 617.404 442.832 524.023 364.589 556.82 655.717 438.248 289.947 223.573 321.31 314.002 463.812 293.804 84.534 520.571 317.025 246.288 581.997 436.9 64.2028 377.127 106.892 395.885 203.027 328.256 444.739 332.182 248.365 540.631 343.629 463.493 382.99 414.383 371.849 323.311 488.206 184.946 452.869 358.933 247.13 548.206 214.086 508.744 708.153 461.486 177.902 430.509 195.29 719.962 536.412 630.851 
722.731 720.02 759.263 522.551 0 314.917 159.176 564.416 382.294 196.207 306.805 777.026 323.246 779.872 791.295 395.602 38.0132 672.625 324.302 617.467 250.458 301.692 656.83 808.486 588.315 276.875 1068.85 588.715 795.206 845.61 93.4345 125.873 201.695 109.018 749.011 365.79 781.883 235.077 577.47 418.76 403.387 737.138 398.945 733.502 599.13 652.063 99.4786 354.171 847.835 585.017 697.047 621.696 896.223 502.802 163.783 850.361 348.174 752.835 507.477 641.202 542.886 643.858 371.841 597.599 682.208 802.378 616.774 183.382 103.856 520.074 877.306 675.37 352.79 726.942 614.027 616.359 344.623 850.337 166.208 431.269 509.405 477.051 829.608 365.465 625.545 659.012 779.687 708.363 977.663 765.424 700.835 403.625 898.449 576.629 335.596 564.199 522.231 354.667 728.506 312.194 656.565 531.945 700.024 719.767 321.279 942.402 308.872 447.323 198.338 115.849 736.513 671.476 646.371 161.474 662.288 388.938 975.377 460.053 375.858 941.077 780.208 632.665 381.147 241.878 175.414 783.534 804.711 672.146 160.552 707.549 1031.02 88.1419 641.515 216.622 801.275 806.54 594.455 669.306 344.285 145.602 722.269 404.401 236.856 89.56 167.872 920.005 235.934 509.64 233.006 801.477 244.724 508.308 449.9 508.82 205.973 299.256 173.954 194.201 529.991 147.868 416.646 915.68 485.963 653.865 471.611 422.711 365.318 169.806 862.291 922.636 552.58 609.676 877.79 774.851 816.39 508.827 150.632 878.319 736.775 1006.94 428.352 1029.32 697.318 851.2 661.13 781.758 529.5 828.633 173.28 702.781 
490.083 442.09 538.238 252.723 314.917 0 473.086 381.434 313.949 317.493 148.223 587.572 340.918 467.411 518.476 130.614 279.331 392.757 281.448 339.282 234.307 276.632 361.798 705.941 273.468 330.801 756.175 496.621 511.963 554.994 251.748 259.17 119.206 269.091 680.979 62.0725 602.536 177.37 539.523 125.877 104.019 542.38 102.313 531.498 465.382 440.083 216.021 196.596 540.52 539.04 448.938 450.214 586.628 221.199 318.135 539.676 193.706 474.004 195.387 557.653 372.336 469.527 236.315 527.714 387.738 560.501 413.673 420.476 415.756 205.251 570.232 360.843 39.2173 517.612 397.786 453.895 250.348 625.097 262.618 395.747 199.123 186.067 641.165 149.412 334.791 543.737 688.233 520.843 662.969 515.505 527.027 163.083 585.243 564.349 179.8 388.561 355.308 331.059 651.819 200.684 349.817 362.48 504.588 459.365 165.012 667.36 381.32 251.645 504.279 242.033 559.997 472.987 341.721 156.349 390.725 202.943 679.866 424.446 428.322 650.298 559.937 365.954 86.3134 77.1622 381.98 608.357 492.878 388.228 416.079 464.315 721.749 281.585 468.188 123.483 662.463 565.396 334.619 606.139 315.729 378.35 431.251 298.357 112.641 377.224 418.244 607.021 101.124 365.604 82.807 565.148 211.464 212.462 214.395 336.341 150.12 32.6956 334.456 322.002 289.339 172.662 155.464 641.95 171.828 346.954 266.008 379.666 269.151 399.881 591.557 607.8 491.467 541.926 624.312 564.717 517.055 193.912 312.7 605.932 497.845 692.024 115.039 733.862 544.303 540.72 425.029 475.988 214.683 616.162 287.272 500.959 
869.416 875.581 902.602 678.809 159.176 473.086 0 704.348 508.175 272.184 459.848 911.827 401.005 938.934 945.487 544.34 196.581 828.802 452.094 773.807 365.472 403.318 815.041 914.919 746.033 352.166 1227.93 702.409 951.237 1002.67 231.692 246.449 357.234 246.008 845.313 521.698 913.737 369.359 673.048 577.741 557.719 849.566 552.914 872.663 696.455 795.629 257.07 485.077 1006.92 683.007 829.661 731.222 1049.87 650.748 240.008 1004.72 479.266 894.947 663.7 748.808 680.946 778.59 494.191 703.255 840.281 930.175 759.345 210.642 58.1808 677.816 1029.72 832.588 510.408 845.073 759.521 723.003 482.066 993.233 275.394 540.683 668.521 627.915 962.921 520.325 773.592 776.124 883.274 819.295 1134.88 915.251 807.04 547.25 1057.43 662.205 469.086 678.771 637.045 442.233 829.015 439.076 809.86 670.297 814.19 856.02 472.547 1096.18 398.062 576.927 58.6941 249.772 842.134 811.365 805.41 317.706 817.266 522.027 1132.93 566.039 459.48 1097.91 900.609 787.17 540.296 400.944 236.053 886.731 963.832 828.908 182.165 838.214 1190.17 208.806 776.073 367.535 920.255 953.908 733.757 768.001 464.341 170.156 869.154 512.711 387.001 137.317 152.085 1079.02 394.69 643.232 390.601 947.79 367.806 659.735 603.514 626.486 361.876 458.328 238.472 296.42 682.115 306.884 573.792 1069.32 643.199 807.243 601.879 535.709 500.484 212.85 1015.62 1080.84 658.539 713.763 1027.24 915.181 965.654 666.804 257.816 1031.89 884.617 1164.83 585.43 1186.78 795.834 1005.44 809.654 933.962 687.221 944.721 268.076 819.128 
176.082 258.147 199.7 189.201 564.416 381.434 704.348 0 208.038 665.127 273.016 215.455 717.591 448.447 296.056 479.817 529.024 237.171 256.759 211.443 606.637 655.024 280.018 338.534 402.906 699.941 681.106 177.054 324.57 384.721 557.248 584.453 456.502 460.428 340.035 407.02 225.375 547.781 267.606 282.115 426.005 858.764 430.163 169.098 824.679 95.7758 499.264 575.105 456.572 257.527 724.114 792.813 672.17 511.2 653.276 626.963 572.931 692.604 411.558 226.524 27.0185 88.295 614.837 222.032 289.56 825.812 58.7282 538.059 660.6 381.182 675.077 457.231 382.102 824.487 73.8241 801.065 222.284 289.389 606.119 228.779 317.493 475.564 269.268 236.136 563.014 185.413 328.866 845.156 672.027 233.951 860.159 518.282 545 313.04 559.946 736.179 711.472 711.666 307.883 582.074 517.981 35.609 824.765 714.829 254.159 428.712 359.935 610.129 755.559 560.7 888.138 107.205 317.762 471 209.538 573.922 508.506 229.787 341.784 464.263 850.803 185.068 307.379 391.155 495.234 933.065 459.157 249 554.972 742.994 619.242 586.394 86.8332 480.021 282.682 259.147 619.44 283.494 255.838 688.044 630.277 677.047 479.07 569.106 721.712 559.33 369.229 74.6324 423.331 250 583.631 478.305 170.836 692.399 371.747 360.911 670.329 418.369 125 440.009 232.562 402.413 386.974 515.388 616.497 219.968 204.436 523.004 350.143 600.001 214.009 233.324 337.682 210.953 668.708 372.207 449.934 367.11 195.29 679.009 385.292 555.871 888.204 629.382 133.724 609.479 383.986 908.548 631.051 816.443 
383.537 439.09 406.596 283.445 382.294 313.949 508.175 208.038 0 520.463 165.849 404.728 602.403 589.075 492.001 441.742 351.07 403.923 58.0086 358.848 491.178 547.365 423.266 432.469 472.547 573.464 853.277 210.647 512.946 572.128 398.704 432.926 334.524 273.529 386.047 365.548 405.643 435.633 229.009 283.924 400.649 852.716 401.995 369.943 778.069 303.758 339.507 502.555 621.612 230.755 744.267 764.022 785.308 513.004 501.001 737.153 498.528 743.949 439.841 267.912 181.819 272.331 540.726 229.002 441.82 854.413 266.595 330.992 469.861 423.249 780.078 550.131 335.872 825.277 275.772 767.844 63.7024 494.605 463.642 82.0975 369.749 474.562 455.07 184.954 602.582 277.651 406.872 832.649 815.453 439.114 840.224 476.428 700.281 250.571 483.16 702.481 669.041 608.832 360.721 492.603 583.945 172.43 815.434 746.536 149.201 632.666 155 565.552 562.392 408.431 872.672 310.929 442.661 332.615 381.589 514.931 701.423 110.535 155.332 659.154 863.264 351.07 281.556 281.4 289 920.736 606.36 411.126 349.288 761.435 797.625 424.012 269.704 365.3 419.043 467.124 630.24 306.844 47.8017 519.32 688.896 600.381 372.779 371.012 548.091 717.948 248.809 138.311 313.524 458.017 470.005 490.624 204.296 650.145 225.61 282.689 517.19 214.478 244.755 287.179 234.361 605.944 410.333 580.986 579.741 65.8027 46.0652 316.766 552.587 746.464 186.955 242.669 545.363 413.489 752.283 410.758 250.41 569.612 402.057 830.685 379.233 751.564 858.251 739.114 334.117 698.33 430.085 920.706 486.4 810.691 
798.612 759.58 843.295 568.018 196.207 317.493 272.184 665.127 520.463 0 392.326 880.001 131.898 764.197 835.891 328.612 201.137 710.248 465.202 656.623 111.4 133.555 677.549 952.437 559.057 83.2166 1047.16 730.804 829.12 870.579 126.764 88.6397 211.367 277.395 904.461 339.666 890.38 147.872 738.166 443.117 362.527 578.455 356.452 828.618 424.446 739.625 182.923 236.863 845.508 743.377 570.969 459.853 829.617 424.647 34.176 788.335 231.871 648.094 470.202 788.32 648.891 751.725 234.651 748.227 703.41 666.019 708.515 379.223 224.243 495.074 805.246 637.497 342.987 575.868 698.092 451.16 467.547 932.749 59.0085 585.568 508.932 412.292 934.001 434.108 542.403 794.282 927.334 547.935 931.967 829.4 535.004 317.317 877.021 745.101 226.632 409.275 368.09 170.558 880.46 189.737 594.348 637.961 543.688 601.154 411.588 984.823 486.507 321.212 267.344 112.721 570.022 767.261 652.936 194.435 707.684 274.117 992.814 616.159 553.001 965.32 632.121 682.044 403.053 277.417 370.466 614.55 790.775 705.635 355.106 577.444 1021.35 111.803 749.817 195.249 929.852 877.442 485.885 824.508 493.223 105.38 632.396 242.835 204.963 281.603 139.176 899.217 296 626.386 248.244 875.782 125.176 444.065 515.861 359.134 299.042 321.927 34.3657 374.226 596.38 233.568 464.604 959.443 458.468 592.156 345.939 573.791 490.306 366.012 908.965 887.764 704.569 761.479 939.692 865.878 732.789 487.18 333.588 923.407 808.52 966.969 404.401 1046.5 523.851 788.543 733.698 710.747 503.672 674.337 34.3657 549.351 
418.422 416.252 458.268 221.353 306.805 148.223 459.848 273.016 165.849 392.326 0 488.296 453.79 508.595 485.643 277.189 269.236 370.303 135.93 315.826 341.541 394.417 363.626 573.802 350.179 431.366 792.21 357.472 492.26 545.282 285.89 311.642 186.344 216.933 540.565 202.181 498.1 283.397 392.908 151.212 239.771 689.094 240.337 438.634 612.413 352.053 229.445 338.29 562.882 393.205 587.378 598.432 672.875 355.76 380.337 624.436 334.527 598.273 297.379 418.14 256.632 359.402 377.048 384.962 387.671 698.568 318.912 343.001 409.073 289.762 662.291 435.929 172.627 662.945 311.955 602.071 102.176 549.127 333.338 247.536 250.32 317.844 542.208 62.3699 456.098 411.985 552.953 668.258 725.888 458.939 675.056 311.079 626.773 416.394 319.428 536.777 503.192 454.368 512.65 332.024 451.187 245.736 651.531 593.264 19.9249 636.431 249.514 399.731 504.588 288.087 707.817 376.724 364.117 198.023 357.614 349.314 676.473 276.384 287.503 639.839 703.051 327.365 132.136 124.064 299.06 756.058 530.627 371.528 348.511 603.816 746.4 315.753 357.505 213.153 541.244 501.343 472.631 463.729 169.579 418.36 548.019 437.677 216.393 335.529 453.813 646.974 97.3242 237.2 157.305 497.13 319.081 337.891 143.67 484.298 102.46 116.846 397.408 223.886 223.188 169.546 122.967 609.605 268.151 448.189 414.2 231.491 121.655 323.303 556.009 662.333 346.621 399.112 571.34 477.612 622.321 276.724 233.823 572.189 431.453 748.239 226.318 729.919 692.488 626.003 355.584 573.363 298.136 759.996 358.169 647.341 
140.72 286.225 93.4719 356.385 777.026 587.572 911.827 215.455 404.728 880.001 488.296 0 927.462 500.49 264.367 671.378 742.378 303.587 459.802 318.818 817.749 863.838 367.022 236.136 539.229 912.255 651.676 254.018 309.026 356.557 772.655 799.856 670.395 671.107 297.054 604.126 28.7924 759.018 343.176 475.405 615.773 1017.69 620.784 60.5392 1007.63 149.893 714.536 775.441 466.567 328.434 870.57 967.299 735.458 681.765 868.627 697.511 773.939 816.723 575.681 252.923 234.625 133.405 814.612 285.631 360.436 961.526 173.954 732.743 870.774 540.438 747.759 565.106 582.344 980.084 191.481 977.714 432.561 120.154 821.002 393.686 480.001 650.271 54.037 448.006 705.331 190.591 251.336 1008.57 694.122 181.24 1027.64 709.406 560.378 388.625 762.079 915.017 895.436 918.495 271.118 787.406 643.414 245.652 986.852 853.298 469.564 326.847 541.793 798.521 964.821 776.137 1052.13 114.586 417.203 686.143 279.33 769.491 443.072 379.817 505.329 398.001 997.482 278.641 507.209 604.603 692.272 1093.89 499.554 318.512 752.795 889.778 581.378 801.706 135.857 692.665 141.76 152.84 777.708 292.37 450.699 903.125 752.374 876.225 690.357 775.077 936.351 567.226 584.001 268.68 636.197 136.825 794.667 645.422 373.186 876.879 587.133 570.312 885.692 619.167 302.483 655.397 433.036 307.371 556.785 641.394 801.102 391.95 412.554 719.881 272.31 623.853 312.014 286.791 215.856 58.2409 764.885 534.888 654.599 285.007 152.856 687.445 570.131 475.96 1060.76 700.261 186.389 704.991 540.226 1053.5 846.021 976.554 
830.154 768.355 878.957 590.122 323.246 340.918 401.005 717.591 602.403 131.898 453.79 927.462 0 735.587 845.442 298.839 321.436 719.703 551.496 669.565 112.272 65.192 677.21 1027.04 531.31 49.0306 1007.06 808.231 831.734 865.941 240.67 201.604 269.082 389.801 988.169 339.025 941.353 170.602 828.324 462.039 347.109 458.04 340.812 872.081 297.027 780.806 285.797 183.698 823.236 831.775 472.451 339.673 764.309 372.175 166.027 727.272 181.43 562.001 443.938 867.947 705.386 805.842 160.031 831.106 702.208 558.02 753.532 506.463 355.441 475.303 736.892 599.06 353.204 460.192 738.518 328.977 543.515 965.102 160.415 674.997 505 371.68 981.253 481.465 476.707 865.612 1004.99 426.945 878.233 852.086 411.05 273.534 840.948 840.824 185.723 295.711 257.233 45.8803 961.942 150.03 540.941 694.908 425.293 506.893 473.713 989.022 593.877 240.52 389.104 220.511 445.3 812.94 644.289 271.312 722.399 213.216 980.027 705.882 658.502 957.733 517.305 700.512 425.118 329.892 493.593 488.173 762.407 712.542 483.65 475.871 989.781 235.468 804.279 240.651 993.882 903.404 404.432 909.225 582.769 231.05 557.38 137.011 238.9 410.99 257.124 862.988 357.912 690.595 296.736 904.067 134.766 400.356 554.59 252.686 377.069 357.259 163.573 486.508 630.208 321.741 496.381 965.124 440.409 539.233 262.383 661.544 566.072 491.945 917.848 842.346 789.332 844.908 958.05 905.632 658.636 470.486 449.028 930.854 837.01 916.298 395.182 1032.42 396.032 727.044 765.261 646.011 482.57 555.213 149.967 432.695 
362.243 215.613 407.309 306.105 779.872 467.411 938.934 448.447 589.075 764.197 508.595 500.49 735.587 0 247.685 440.092 743.011 214.767 605.287 239.008 659.446 674.847 170.074 727.496 205.801 748.131 288.998 623.895 204.384 189.623 718.589 721.945 586.226 715.028 763.228 427.787 528.887 616.475 716.039 365.568 401.673 605.139 407.746 448.559 664.091 400.132 682.361 551.994 93.1933 705.907 447.028 601.52 235.236 368.741 773.204 197.517 554.585 358.861 294.81 666.408 468.386 482.673 578.088 669.167 159.022 508.812 414.596 851.334 882.217 269.401 247.681 142.215 432.251 563.653 385.861 617.234 555 438.056 717.025 648.208 270.542 364.003 531.272 448.135 305.002 612.403 733.179 607.6 226.991 322.047 635.083 462.096 119.038 761.105 552.381 570.737 572.42 703.796 731.779 590.529 224.002 469.068 584.871 415.987 505.431 320.47 733.104 513.321 971.668 707.249 648.423 436.394 147.363 623.726 243.403 523.539 259.193 660.295 744.398 252.438 561.145 263.828 400.216 538.001 807.595 679.283 26.8328 201.246 855.264 464.462 257.158 747.87 484.108 584.658 639.095 366.314 399.045 722.53 626.396 840.69 299.787 622.977 568.613 831.986 881.023 140.246 547.033 508.048 550.174 379.348 641.038 336.507 389.012 559.194 587.235 480.618 788.023 732.089 349.185 633.028 385.946 307.456 306.007 224.009 500.357 634.275 554.398 831.429 287.341 157.41 662.091 679.533 360.827 444.245 276.899 278.146 741.357 289.664 347.817 242.26 361.863 306.62 678.729 200.302 342.042 221.057 260.634 609.929 739.423 570.895 
142.127 77.1038 172.2 271.131 791.295 518.476 945.487 296.056 492.001 835.891 485.643 264.367 845.442 247.685 0 552.986 753.396 126.147 529.672 179.301 747.977 780.437 173.416 499.418 353.488 844.128 398.723 446.171 45.1774 96.0052 755.774 771.751 629.725 701.328 550.066 506.875 293.143 693.911 544.077 392.78 500.213 822.898 506.376 222.173 849.391 211.4 705.739 669.182 202.408 531.279 666.959 796.373 478.268 523.567 834.794 444.181 669.693 593.576 421 473.692 322.486 288.688 703.973 489.437 151.908 743.377 241.963 808.312 894.321 384.574 493.982 345.707 496.271 782.527 222.272 809.831 484.393 190.371 780.162 524.424 341.99 502.221 287.712 425.837 507.167 412.438 511.097 819.909 429.759 84.3445 843.868 586.192 296.044 591.788 662.037 753.693 744.323 824.19 520.697 695.656 432.612 328.586 797.226 642.001 473.362 151.238 647.001 662.15 989.571 751.474 862.744 233.932 218.083 658.661 129.711 651.307 212.474 525.647 636.089 168.324 789.177 158.647 432.917 567.113 763.834 899.096 241.603 132.966 820.459 685.662 331.798 786.644 290.986 640.994 406.076 119.541 593.688 525.344 538.182 888.444 530.649 760.095 631.114 818.807 926.836 303.026 560.807 370.001 591.31 133.6 725.999 485.845 341.974 727.765 585.325 515.8 851.469 684.656 264.715 647.417 377.955 124.776 414 431.351 657.027 514.747 473.701 790.869 73.0821 359.703 496.328 496.545 123.968 206.189 523.011 385.083 707.736 87.8465 122.004 423.785 451.35 260.346 883.279 446.996 162.348 465.207 380.108 841.701 805.12 784.75 
556.774 476.42 608.927 316.539 395.602 130.614 544.34 479.817 441.742 328.612 277.189 671.378 298.839 440.092 552.986 0 365.56 429.029 411.734 382.753 220.418 236.019 381.662 814.58 234.412 308.151 719.4 613.726 535.994 567.847 312.648 303.185 198.116 377.383 797.682 77.1038 689.964 184.391 663.962 198.124 55.7853 412.044 50.5964 612.256 346.433 521.487 298.826 116.902 525.709 662.456 322.064 323.557 507.847 107.205 342.476 464.295 118.127 360.072 145.836 674.437 475.834 565.279 151.053 647.835 406.021 433.263 501.231 530.739 486.26 176.465 486.236 309.251 106.405 387.001 480.235 328.805 378.6 689.355 288.09 523.821 211.116 85 723.271 265.872 229.993 654.011 799.916 391.092 604.149 569.2 398.629 38.4708 550.048 691.122 113.296 263.044 233.649 272.624 767.484 150.791 268.805 467.097 374.386 336.292 292.638 693.001 510.71 130.633 564.068 295.296 430.93 558.646 346.221 237.539 435.608 99.8499 681.23 551.806 558.856 659.057 429.838 417.653 174.614 193.499 496.001 479.026 466.897 420.344 521.906 336.535 696.469 337.037 564.386 178.986 762.195 622.509 209.538 725.364 445.92 415.9 326.682 209.057 158.758 471.934 455.811 572.246 224.86 477.47 179 625.399 203.59 117.201 309.233 214.441 272.624 163.294 355.681 443.677 369.39 274.591 247.833 669.806 141.891 266.4 140.071 507.537 396.215 510.518 624.34 559.165 614.003 662.003 670.019 639.848 421.495 171.959 428.263 636.536 560.116 638.565 103.817 733.736 418.724 464.76 494.095 390.509 183.774 485.786 307.729 370.475 
685.87 682.034 722.967 484.546 38.0132 279.331 196.581 529.024 351.07 201.137 269.236 742.378 321.436 743.011 753.396 365.56 0 634.618 293.109 579.457 237.945 292.576 618.935 780.055 552.787 277.462 1031.94 559.33 757.2 807.606 81.4923 119.854 169.009 81.6088 723.15 331.833 747.84 214.462 552.635 381.163 370.3 719.307 366.085 698.026 586.919 615.819 66.7608 332.602 810.346 559.53 672.441 605.42 862.794 472.662 171.604 816.612 326.613 724.487 473.026 613.062 507.941 609.428 353.464 570.14 644.29 779.164 580.762 189.256 141.82 484.58 844.47 640.133 317.616 707.276 577.46 601.057 310.587 814.059 161.152 404.022 472.479 445.597 795.201 327.588 595.01 628.538 752.001 691.148 942.3 728.047 685.175 375.981 861.701 554.314 313.193 546.628 504.906 348.91 701.719 293.026 623.527 496.961 681.792 693.745 284.016 904.524 289.353 425.231 236.315 103.315 720.861 635.928 608.829 128.752 624.34 366.022 937.405 433.447 356.43 903.067 759.582 594.757 343.796 205.232 172.235 768.427 767.73 634.133 170.751 683.615 993.642 89.3756 607.126 187.11 770.001 769.523 567.665 643.199 315.063 169.673 692.041 390.698 207.504 108.167 197.023 883.199 198.172 475.798 198.245 764.635 229 476.481 412.132 490.613 168.077 262.528 184.459 175.137 492.383 110.318 378.636 877.817 450.871 620.791 449.055 394.588 331.747 172.722 824.462 886.621 525.298 582.541 840.434 739.106 785.012 473.16 133.135 840.467 699.714 971.136 393.451 991.339 684.085 817.508 624 749.104 494.013 809.268 173.485 683.814 
163.355 49.3356 215.745 150.083 672.625 392.757 828.802 237.171 403.923 710.248 370.303 303.587 719.703 214.767 126.147 429.029 634.618 0 432.801 55.2268 621.831 654.64 64.0312 519.158 245.579 718.001 450.65 410.329 122.589 175.362 632.823 647.494 505.268 587.231 549.656 380.916 330.388 567.826 504.08 267.329 375.481 724.774 381.578 246.13 736.398 186.336 584.347 544.621 221.269 493.366 573.035 687.416 446.319 407.707 709.775 404.163 544.94 513.64 302.42 451.691 259.307 268.287 580.07 455.588 58.5918 659.776 199.912 703.615 776.222 265.56 453.961 261.63 370.13 685.697 171.418 699.838 384.422 275.768 654.866 451.241 218.009 383.214 343.839 308.756 408.682 397.834 522.147 718.674 435.259 148.556 740.476 463.182 307.937 550.015 536.889 641.082 628.562 699.167 517.983 570.07 341.88 261.63 696.34 553.001 360.118 274.838 556.666 542.156 870.892 627.683 762.074 224.199 114.809 535.321 28.6356 528.061 306.914 459.025 556.16 269.537 698.805 53.8516 307.584 443.644 658.927 801.311 222.991 15 713.325 592.157 393.707 663.675 269.641 515.606 435.198 202.832 488.623 507.765 446.942 764.895 449.307 637.201 505.357 705.731 803.658 322.744 439.386 302.503 466.794 209.881 599.854 369.868 228.397 611.337 467.087 391.164 726.364 580.008 160.702 526.925 256.416 249.227 292.344 340.037 538.741 438.953 377.64 685.222 199.123 363.088 451.054 465.586 241.207 252.96 463.215 264.462 599.07 213.214 155.602 441.888 326.497 359.974 777.385 406.787 128.95 403.065 262.269 753.829 679.736 684.884 
429.66 471.641 456.448 300.107 324.302 281.448 452.094 256.759 58.0086 465.202 135.93 459.802 551.496 605.287 529.672 411.734 293.109 432.801 0 383.96 441.29 498.415 444.519 489.165 471.086 520.753 877.581 267.479 547.033 605.083 342.243 377.2 286.086 215.595 439.492 337.713 461.806 387.253 276.847 274.729 375.693 823.751 376.198 422.494 740.074 351.434 283.302 462.135 645.418 280.409 723.216 730.36 790.061 491.522 444.816 741.602 457.739 731.317 428.118 323.543 231.709 326.719 499.249 283.028 465.124 834.325 314.302 282.2 412.633 416.083 782.413 552.917 308.287 798.289 320.039 733.083 50.2892 545.715 409.068 123.713 368.23 453.486 510.844 173.289 589.143 335.483 462.779 802.273 829.613 482.578 807.967 444.37 719.69 292.207 442.105 668.33 633.205 560.247 415.26 448.363 578.25 221.551 786.009 728.528 124.193 674.036 127.883 530.79 505.69 352.768 841.218 362.243 457.926 280.432 412.811 477.582 735.813 154.548 153.222 694.822 838.88 381.687 264.221 238.304 238.818 889.661 624.375 438.37 298.283 739.714 824.826 366.984 324.168 317.8 477.051 514.068 608.497 359.703 34.4093 461.567 679.108 557.458 327.141 315.279 490.123 738.326 204.384 191.481 268.939 505.89 420.773 472.662 216.301 614.604 174.794 249.018 460.834 161.623 272.121 232.863 231.366 647.114 398.542 575.256 546.671 110.059 55.9732 266.537 593.297 762.345 239.585 296.326 591.202 465.663 748.642 403.194 194.879 610.253 447.224 847.544 360.734 787.119 823.447 743.398 376.288 697.001 423.738 895.737 431.335 782.205 
184.719 103.788 238.839 95 617.467 339.282 773.807 211.443 358.848 656.623 315.826 318.818 669.565 239.008 179.301 382.753 579.457 55.2268 383.96 0 569.944 604.398 69.0652 519.312 220.411 666.352 494.632 388.33 177.792 229.456 577.8 592.855 450.699 532.738 540.448 330.553 343.526 515.228 478.29 213.506 328.152 699.514 334.096 258.786 700.163 183.404 529.14 497.009 262.774 468.67 551.773 654.597 460.887 371.049 655.556 416.079 497.009 501.98 264.379 434.885 229.961 259.538 533.375 433.417 83.4326 644.221 186.507 651.257 721.094 227.772 464.656 254.637 318.148 661.551 156.978 666.154 334.786 310.306 600.866 411.845 173.787 343.548 364.232 254.031 386.535 385.78 518.441 691.324 465.102 186.818 711.495 418.115 343.42 522.771 488.262 605.577 590.407 650.52 508.319 520.463 326.931 230.217 669.362 535.178 306.178 329.317 509.471 500.297 815.714 572.87 734.88 224.109 108.337 480.368 53.0094 482.421 360.724 422.339 512.941 324.222 678.761 40.2244 253.618 388.703 606.585 775.867 252.343 55.9017 660.298 570.982 440.868 608.659 260.354 461.693 441.304 240.693 460.324 491.757 400.151 710.026 437.892 591.714 451.92 651.351 748.7 360.169 384.169 269.046 412.249 244.965 547.753 333.569 175.069 572.658 412.019 336.667 672.209 527.902 114.162 471.699 201.189 303.427 250.569 324.735 498.654 398.61 329.597 632.63 252.357 393.935 423.892 444.491 288.626 274.25 463.838 224.611 545.807 266.987 182.937 475.946 279.217 414.098 746.438 418.543 133.124 403.843 226.002 734.967 625.819 658.684 
724.305 670.981 772.01 486.474 250.458 234.307 365.472 606.637 491.178 111.4 341.541 817.749 112.272 659.446 747.977 220.418 237.945 621.831 441.29 569.944 0 58.6941 583.844 914.794 453.679 96.6282 939.807 696.187 737.489 775.527 157.965 125.782 157.08 294.839 876.584 242.563 830.996 58.8558 718.065 358.587 259.384 488.692 253.124 763.132 349.228 672.191 188.905 125.897 743.119 721.138 465.653 372.05 718.304 313.6 132.914 677.237 120.739 538.535 364.642 756.03 593.877 694.795 128.86 719.573 609.401 564.745 643.991 427.2 311.353 391.883 693.851 529.607 251.813 481.234 629.973 366.154 431.706 859.308 90.3549 564.981 412.42 302.729 871.659 370.567 431.005 753.341 892.859 459.335 821.805 749.283 450.712 206.495 770.406 732.007 115.256 316.101 274.066 120.416 850.129 78.5493 483.694 583.332 452.187 494.016 361.465 894.424 491.525 213.46 370.309 135.44 486.359 703.393 555.231 162.89 622.268 163.371 894.464 595.834 554.552 869.163 536.079 598.78 320.141 217.72 407.427 533.174 686.181 615.803 407.983 473.438 916.293 165.68 693.181 128.39 881.921 799.565 376.152 797.85 473.178 210.488 521.311 153.951 127.577 339.838 247.782 792.607 245.687 578.441 184.621 799.442 23.0868 334.186 445.759 262.155 266.511 247.655 142.524 389.005 523.004 215.258 389 869.763 355.563 481.553 238.437 551.197 454.192 410.396 820.887 778.977 678.127 733.43 857.163 797.642 621.542 385.053 355.039 834.584 732.149 857.322 304.385 947.724 447.001 677.414 659.219 599.404 400.081 582 99.6243 456.004 
765.288 703.341 814.3 525.047 301.692 276.632 403.318 655.024 547.365 133.555 394.417 863.838 65.192 674.847 780.437 236.019 292.576 654.64 498.415 604.398 58.6941 0 612.612 968.219 469.766 76.3806 949.414 750.744 767.086 801.918 211.405 175.824 212.85 352.598 932.05 273.876 878.149 111.826 774.965 397.001 282.852 446.252 276.538 808.087 298.304 716.706 246.678 123.713 761.51 777.746 439.386 328.006 714.267 315.601 163.6 675.518 120.569 521.215 381.708 810.902 643.513 743.318 108.074 775.188 637.704 532.725 689.884 481.503 352.204 412.229 688.012 540.049 288.085 442.557 674.41 320.306 487.082 900.201 136.062 622.126 440.369 311.827 917.545 419.105 425.699 806.341 947.022 416.043 824.302 786.918 404.712 213.216 782.038 789.674 122.772 275.98 234.625 62.0081 905.192 85.7263 485.857 633.148 410.955 470.958 414.287 924.373 550.218 194.165 400.889 189.275 440.093 749.268 580.36 221.269 657.222 156.847 917.068 652.939 613.209 894.11 498.672 635.324 360.312 270.387 463.534 485.791 701.679 647.569 461.147 445.121 930.105 214.441 741.812 182.464 932.734 838.289 360.312 853.651 530.632 238.902 510.844 109.554 178.138 391.22 271.98 804.157 300.102 630.271 237.154 839.021 77.666 341.533 490.734 225.61 323.668 294.184 167.887 447.303 565.714 273.856 432.046 900.369 376.948 483.986 218.048 608.129 509.389 465.296 852.904 785.835 734.197 789.119 892.866 841.261 612.063 406.985 412.742 865.984 772.001 861.471 330.619 969.69 397.217 675.45 700.446 595.399 419.719 541.554 136.235 416.227 
227.167 100.17 279.761 145.619 656.83 361.798 815.041 280.018 423.266 677.549 363.626 367.022 677.21 170.074 173.416 381.662 618.935 64.0312 444.519 69.0652 583.844 612.612 0 578.813 183.872 678.974 433.365 456.607 154.557 193.215 609.2 620.362 478.535 578.705 604.849 341.287 393.517 532.19 547.19 240.468 330.312 661.708 336.574 308.934 677.91 243.354 564.43 498.389 201.445 537.448 509.342 627.089 393.193 350.664 679.823 349.125 499.219 449.829 247.584 501.941 298.965 323.014 532.26 501.777 25.9422 595.756 251.446 704.467 760.671 211.192 398.222 198.116 334.628 622.415 222 639.932 394.614 338.095 624.059 479.226 172.244 328.805 407.83 301.281 345.313 451.101 580.135 656.165 396.548 210.639 678.473 413.882 277.065 591.791 492.392 582.328 571.638 653.937 572.875 527.181 277.852 299.282 633.742 489.009 356.602 311.827 571.399 488.746 853.998 601.985 699.483 282.816 50.8035 511.497 88.0909 479.07 319.525 490.555 578.164 288.531 634.924 98.7927 280.264 420.476 659.974 738.241 184.296 49.6488 711.654 528.441 383.595 639.816 324.077 485.232 496.807 264.426 426.769 558.646 462.901 739.125 385.483 587.49 473.06 697.45 778.631 294.727 421.046 338.006 440.247 272.415 562.57 312.861 230.098 554.863 454.104 365.17 696.021 582.159 180.236 509.284 242.588 288.226 241.299 276.016 483.696 465.639 391.449 685.295 243.167 325.719 492.879 512.65 295.264 316.937 402.378 212.038 596.846 254.951 219.618 408.516 282.028 373.605 716.092 351.648 188.064 342.171 206.7 689.854 648.43 622.082 
366.019 511.966 327.232 524.681 808.486 705.941 914.919 338.534 432.469 952.437 573.802 236.136 1027.04 727.496 499.418 814.58 780.055 519.158 489.165 519.312 914.794 968.219 578.813 0 732.382 1001.84 887.001 221.822 543.537 592.551 831.156 865.26 758.169 699.818 94.1116 739.67 207.8 857.03 245.931 618.684 762.051 1196.89 765.844 279.973 1160.77 336.149 771.975 902.484 700.746 234.105 1059.59 1130.89 962.51 849.718 933.459 922.168 899.647 1019.93 749.235 167.362 339.094 262.932 942.24 212.002 577.735 1158.42 336.482 711.512 886.056 717.73 972.243 773.838 712.924 1162.14 364.978 1138.8 485.721 343.006 895.056 377.641 654.12 814.069 230.217 556.529 896.413 162.348 36.3593 1183.62 928.615 415.384 1198.68 852.873 794.808 271.184 885.621 1073.65 1047.67 1028.01 92.3093 903.12 844.344 347.541 1163.14 1047.88 553.94 555.032 517.119 945.213 972.527 840.75 1226.64 296.057 626.024 761.856 491.798 905.347 675.959 350.07 459.205 631.605 1186.74 481.773 640.198 697.843 679.559 1271.43 729.226 534.013 737.236 1078.62 816.333 856.148 262.757 786.527 96.0833 388.659 957.036 151.921 465.018 949.531 956.223 1004.3 790.165 780.078 976.136 802.427 669.138 340.372 731.083 372.7 892.569 816.589 506.142 1028.51 654.802 680.664 949.658 622.08 461.172 718.878 566.943 538.209 725.238 841.98 952.931 385.778 462.922 704.559 507.213 857.723 257.031 201.159 445.091 294.184 981.179 709.384 664.364 519.042 382.357 923.093 723.011 705.057 1226.39 924.846 390.862 920.976 719.847 1244.21 918.246 1154.64 
403.586 283.656 457.499 215.133 588.315 273.468 746.033 402.906 472.547 559.057 350.179 539.229 531.31 205.801 353.488 234.412 552.787 245.579 471.086 220.411 453.679 469.766 183.872 732.382 0 542.551 489.083 573.778 326.106 346.521 520.219 520.448 389.344 536.046 742.822 226.433 563.799 411.618 651.339 199.123 196.939 480.026 202.872 479.15 495.989 400.245 489.173 347.628 291.926 644.736 331.403 443.482 322.902 174.184 569.141 274.563 349.933 289.698 89.0449 628.033 412.535 469.516 375.713 616.507 202.074 426.207 395.904 681.781 688.401 68.2422 312.32 88.1419 235.637 441.567 367.642 456.6 423.043 521.311 513.175 546.323 103.078 161.555 584.144 298.605 166.193 587.705 727.82 473.206 389.55 393.954 494.91 257.963 318.308 690.325 347.086 400.281 392.475 501.224 710.623 385.052 115.953 408.315 450.941 316.096 353.386 478.026 595.627 318.277 774.896 507.256 516.653 441.255 135.595 428.402 263.956 321.006 450.911 566.298 622.232 432.7 458.504 260.601 222.991 348.679 640.056 556.515 232.573 232.418 681.385 350.612 462.653 548.566 469.793 384.147 659.03 448.018 243.074 684.602 499.121 638.318 227.706 424.436 366.989 648.772 678.676 340.472 364.111 437.389 355.486 455.448 435.44 137.931 272.683 376.643 409.308 292.588 583.625 570.088 278.582 445.063 240.033 457.529 103.392 113.217 309.317 530.352 429.913 661.287 418.761 335.201 596.122 629.337 477.068 493.688 279.873 79.7559 571.234 428.165 399.145 418.803 161.075 502.38 532.226 276.053 353.277 226.142 58.8218 514.965 535.051 439.71 
820.624 767.086 868.028 583.095 276.875 330.801 352.166 699.941 573.464 83.2166 431.366 912.255 49.0306 748.131 844.128 308.151 277.462 718.001 520.753 666.352 96.6282 76.3806 678.974 1001.84 542.551 0 1024.54 781.579 832.959 869.959 197.995 158.417 245.024 348.92 959.471 337.867 924.866 154.003 796.937 455.214 351.729 503.886 345.411 858.234 345.052 767.548 247.2 199.201 833.694 801.057 510.304 385.24 790.607 391.533 117.393 751.897 195.645 595.477 453.922 840.595 686.202 787.858 184.114 802.462 704.4 599.595 738.762 460.258 306.415 483.104 764.253 614.724 348.208 504.366 725.397 375.247 516.481 955.605 118.258 643.541 507.079 386.401 966.235 464.385 502.054 841.364 978.605 472.95 900.503 845.909 458.05 287.891 856.585 807.352 196.023 338.634 298.873 91.1976 934.05 157.648 561.965 675.518 470.381 543.258 451.221 990.049 555.534 269.433 341.529 179.212 492.585 798.11 648.999 240.853 718.752 233.112 987.342 674.398 621.003 963.071 561.263 695.383 416.736 309.071 449.055 536.008 774.95 711.758 436.858 514.883 1004.08 189.834 786.163 219.92 972.61 896.144 435.409 880.028 550.97 182.395 586.669 174.929 222.182 363.771 209.774 878.738 334.229 668.51 276.622 895.945 119.34 416.607 541.208 292.496 348.001 343.071 114.543 446.052 619.065 288.487 485.125 965.549 447.236 560.064 292.836 630.67 539.226 446.276 916.974 861.456 759.895 816.084 953.746 893.247 687.943 477.08 407.296 930.544 828.633 937.513 398.137 1040.32 444.253 751.83 755.519 671.757 490.936 600.72 104.202 477.172 
